   1.4873662e+00   7.8539816e-01
   1.4033482e+00   8.8357293e-01
   1.4033482e+00   6.8722339e-01
   1.3181161e+00   7.8539816e-01
   1.3181161e+00   9.8174770e-01
   1.2309594e+00   1.0799225e+00
   1.2309594e+00   8.8357293e-01
   1.1410209e+00   9.8174770e-01
   1.3181161e+00   5.8904862e-01
   1.2309594e+00   6.8722339e-01
   1.2309594e+00   4.9087385e-01
   1.1410209e+00   5.8904862e-01
   1.1410209e+00   7.8539816e-01
   1.0471976e+00   8.8357293e-01
   1.0471976e+00   6.8722339e-01
   9.4796974e-01   7.8539816e-01
   1.1410209e+00   1.1780972e+00
   1.0471976e+00   1.2762720e+00
   1.0471976e+00   1.0799225e+00
   9.4796974e-01   1.1780972e+00
   9.4796974e-01   1.3744468e+00
   8.4106867e-01   1.4726216e+00
   8.4106867e-01   1.2762720e+00
   7.3057374e-01   1.4585966e+00
   9.4796974e-01   9.8174770e-01
   8.4106867e-01   1.0799225e+00
   8.4106867e-01   8.8357293e-01
   7.3057374e-01   1.0097976e+00
   7.3057374e-01   1.2341971e+00
   6.2236849e-01   1.4398966e+00
   6.2236849e-01   1.1780972e+00
   5.1601639e-01   1.4137167e+00
   1.1410209e+00   3.9269908e-01
   1.0471976e+00   4.9087385e-01
   1.0471976e+00   2.9452431e-01
   9.4796974e-01   3.9269908e-01
   9.4796974e-01   5.8904862e-01
   8.4106867e-01   6.8722339e-01
   8.4106867e-01   4.9087385e-01
   7.3057374e-01   5.6099869e-01
   9.4796974e-01   1.9634954e-01
   8.4106867e-01   2.9452431e-01
   8.4106867e-01   9.8174770e-02
   7.3057374e-01   1.1219974e-01
   7.3057374e-01   3.3659921e-01
   6.2236849e-01   3.9269908e-01
   6.2236849e-01   1.3089969e-01
   5.1601639e-01   1.5707963e-01
   7.3057374e-01   7.8539816e-01
   6.2236849e-01   9.1629786e-01
   6.2236849e-01   6.5449847e-01
   5.1601639e-01   7.8539816e-01
   5.1601639e-01   1.0995574e+00
   4.1113786e-01   1.3744468e+00
   4.1113786e-01   9.8174770e-01
   3.0739505e-01   1.3089969e+00
   5.1601639e-01   4.7123890e-01
   4.1113786e-01   5.8904862e-01
   4.1113786e-01   1.9634954e-01
   3.0739505e-01   2.6179939e-01
   3.0739505e-01   7.8539816e-01
   2.0448020e-01   1.1780972e+00
   2.0448020e-01   3.9269908e-01
   1.0210642e-01   7.8539816e-01
   1.4873662e+00   2.3561945e+00
   1.4033482e+00   2.4543693e+00
   1.4033482e+00   2.2580197e+00
   1.3181161e+00   2.3561945e+00
   1.3181161e+00   2.5525440e+00
   1.2309594e+00   2.6507188e+00
   1.2309594e+00   2.4543693e+00
   1.1410209e+00   2.5525440e+00
   1.3181161e+00   2.1598449e+00
   1.2309594e+00   2.2580197e+00
   1.2309594e+00   2.0616702e+00
   1.1410209e+00   2.1598449e+00
   1.1410209e+00   2.3561945e+00
   1.0471976e+00   2.4543693e+00
   1.0471976e+00   2.2580197e+00
   9.4796974e-01   2.3561945e+00
   1.1410209e+00   2.7488936e+00
   1.0471976e+00   2.8470683e+00
   1.0471976e+00   2.6507188e+00
   9.4796974e-01   2.7488936e+00
   9.4796974e-01   2.9452431e+00
   8.4106867e-01   3.0434179e+00
   8.4106867e-01   2.8470683e+00
   7.3057374e-01   3.0293929e+00
   9.4796974e-01   2.5525440e+00
   8.4106867e-01   2.6507188e+00
   8.4106867e-01   2.4543693e+00
   7.3057374e-01   2.5805940e+00
   7.3057374e-01   2.8049934e+00
   6.2236849e-01   3.0106930e+00
   6.2236849e-01   2.7488936e+00
   5.1601639e-01   2.9845130e+00
   1.1410209e+00   1.9634954e+00
   1.0471976e+00   2.0616702e+00
   1.0471976e+00   1.8653206e+00
   9.4796974e-01   1.9634954e+00
   9.4796974e-01   2.1598449e+00
   8.4106867e-01   2.2580197e+00
   8.4106867e-01   2.0616702e+00
   7.3057374e-01   2.1317950e+00
   9.4796974e-01   1.7671459e+00
   8.4106867e-01   1.8653206e+00
   8.4106867e-01   1.6689711e+00
   7.3057374e-01   1.6829961e+00
   7.3057374e-01   1.9073955e+00
   6.2236849e-01   1.9634954e+00
   6.2236849e-01   1.7016960e+00
   5.1601639e-01   1.7278760e+00
   7.3057374e-01   2.3561945e+00
   6.2236849e-01   2.4870942e+00
   6.2236849e-01   2.2252948e+00
   5.1601639e-01   2.3561945e+00
   5.1601639e-01   2.6703538e+00
   4.1113786e-01   2.9452431e+00
   4.1113786e-01   2.5525440e+00
   3.0739505e-01   2.8797933e+00
   5.1601639e-01   2.0420352e+00
   4.1113786e-01   2.1598449e+00
   4.1113786e-01   1.7671459e+00
   3.0739505e-01   1.8325957e+00
   3.0739505e-01   2.3561945e+00
   2.0448020e-01   2.7488936e+00
   2.0448020e-01   1.9634954e+00
   1.0210642e-01   2.3561945e+00
   1.4873662e+00   3.9269908e+00
   1.4033482e+00   4.0251656e+00
   1.4033482e+00   3.8288160e+00
   1.3181161e+00   3.9269908e+00
   1.3181161e+00   4.1233404e+00
   1.2309594e+00   4.2215151e+00
   1.2309594e+00   4.0251656e+00
   1.1410209e+00   4.1233404e+00
   1.3181161e+00   3.7306413e+00
   1.2309594e+00   3.8288160e+00
   1.2309594e+00   3.6324665e+00
   1.1410209e+00   3.7306413e+00
   1.1410209e+00   3.9269908e+00
   1.0471976e+00   4.0251656e+00
   1.0471976e+00   3.8288160e+00
   9.4796974e-01   3.9269908e+00
   1.1410209e+00   4.3196899e+00
   1.0471976e+00   4.4178647e+00
   1.0471976e+00   4.2215151e+00
   9.4796974e-01   4.3196899e+00
   9.4796974e-01   4.5160394e+00
   8.4106867e-01   4.6142142e+00
   8.4106867e-01   4.4178647e+00
   7.3057374e-01   4.6001892e+00
   9.4796974e-01   4.1233404e+00
   8.4106867e-01   4.2215151e+00
   8.4106867e-01   4.0251656e+00
   7.3057374e-01   4.1513903e+00
   7.3057374e-01   4.3757898e+00
   6.2236849e-01   4.5814893e+00
   6.2236849e-01   4.3196899e+00
   5.1601639e-01   4.5553093e+00
   1.1410209e+00   3.5342917e+00
   1.0471976e+00   3.6324665e+00
   1.0471976e+00   3.4361170e+00
   9.4796974e-01   3.5342917e+00
   9.4796974e-01   3.7306413e+00
   8.4106867e-01   3.8288160e+00
   8.4106867e-01   3.6324665e+00
   7.3057374e-01   3.7025913e+00
   9.4796974e-01   3.3379422e+00
   8.4106867e-01   3.4361170e+00
   8.4106867e-01   3.2397674e+00
   7.3057374e-01   3.2537924e+00
   7.3057374e-01   3.4781919e+00
   6.2236849e-01   3.5342917e+00
   6.2236849e-01   3.2724923e+00
   5.1601639e-01   3.2986723e+00
   7.3057374e-01   3.9269908e+00
   6.2236849e-01   4.0578905e+00
   6.2236849e-01   3.7960911e+00
   5.1601639e-01   3.9269908e+00
   5.1601639e-01   4.2411501e+00
   4.1113786e-01   4.5160394e+00
   4.1113786e-01   4.1233404e+00
   3.0739505e-01   4.4505896e+00
   5.1601639e-01   3.6128316e+00
   4.1113786e-01   3.7306413e+00
   4.1113786e-01   3.3379422e+00
   3.0739505e-01   3.4033920e+00
   3.0739505e-01   3.9269908e+00
   2.0448020e-01   4.3196899e+00
   2.0448020e-01   3.5342917e+00
   1.0210642e-01   3.9269908e+00
   1.4873662e+00   5.4977871e+00
   1.4033482e+00   5.5959619e+00
   1.4033482e+00   5.3996124e+00
   1.3181161e+00   5.4977871e+00
   1.3181161e+00   5.6941367e+00
   1.2309594e+00   5.7923115e+00
   1.2309594e+00   5.5959619e+00
   1.1410209e+00   5.6941367e+00
   1.3181161e+00   5.3014376e+00
   1.2309594e+00   5.3996124e+00
   1.2309594e+00   5.2032628e+00
   1.1410209e+00   5.3014376e+00
   1.1410209e+00   5.4977871e+00
   1.0471976e+00   5.5959619e+00
   1.0471976e+00   5.3996124e+00
   9.4796974e-01   5.4977871e+00
   1.1410209e+00   5.8904862e+00
   1.0471976e+00   5.9886610e+00
   1.0471976e+00   5.7923115e+00
   9.4796974e-01   5.8904862e+00
   9.4796974e-01   6.0868358e+00
   8.4106867e-01   6.1850105e+00
   8.4106867e-01   5.9886610e+00
   7.3057374e-01   6.1709856e+00
   9.4796974e-01   5.6941367e+00
   8.4106867e-01   5.7923115e+00
   8.4106867e-01   5.5959619e+00
   7.3057374e-01   5.7221866e+00
   7.3057374e-01   5.9465861e+00
   6.2236849e-01   6.1522856e+00
   6.2236849e-01   5.8904862e+00
   5.1601639e-01   6.1261057e+00
   1.1410209e+00   5.1050881e+00
   1.0471976e+00   5.2032628e+00
   1.0471976e+00   5.0069133e+00
   9.4796974e-01   5.1050881e+00
   9.4796974e-01   5.3014376e+00
   8.4106867e-01   5.3996124e+00
   8.4106867e-01   5.2032628e+00
   7.3057374e-01   5.2733877e+00
   9.4796974e-01   4.9087385e+00
   8.4106867e-01   5.0069133e+00
   8.4106867e-01   4.8105638e+00
   7.3057374e-01   4.8245887e+00
   7.3057374e-01   5.0489882e+00
   6.2236849e-01   5.1050881e+00
   6.2236849e-01   4.8432887e+00
   5.1601639e-01   4.8694686e+00
   7.3057374e-01   5.4977871e+00
   6.2236849e-01   5.6286868e+00
   6.2236849e-01   5.3668874e+00
   5.1601639e-01   5.4977871e+00
   5.1601639e-01   5.8119464e+00
   4.1113786e-01   6.0868358e+00
   4.1113786e-01   5.6941367e+00
   3.0739505e-01   6.0213859e+00
   5.1601639e-01   5.1836279e+00
   4.1113786e-01   5.3014376e+00
   4.1113786e-01   4.9087385e+00
   3.0739505e-01   4.9741884e+00
   3.0739505e-01   5.4977871e+00
   2.0448020e-01   5.8904862e+00
   2.0448020e-01   5.1050881e+00
   1.0210642e-01   5.4977871e+00
   2.1936229e+00   6.2831853e+00
   2.0943951e+00   9.8174770e-02
   2.0943951e+00   6.1850105e+00
   2.0005718e+00   6.2831853e+00
   2.0005718e+00   1.9634954e-01
   1.9106332e+00   2.9452431e-01
   1.9106332e+00   9.8174770e-02
   1.8234766e+00   1.9634954e-01
   2.0005718e+00   6.0868358e+00
   1.9106332e+00   6.1850105e+00
   1.9106332e+00   5.9886610e+00
   1.8234766e+00   6.0868358e+00
   1.8234766e+00   6.2831853e+00
   1.7382444e+00   9.8174770e-02
   1.7382444e+00   6.1850105e+00
   1.6542264e+00   6.2831853e+00
   1.8234766e+00   3.9269908e-01
   1.7382444e+00   4.9087385e-01
   1.7382444e+00   2.9452431e-01
   1.6542264e+00   3.9269908e-01
   1.6542264e+00   5.8904862e-01
   1.5707963e+00   6.8722339e-01
   1.5707963e+00   4.9087385e-01
   1.4873662e+00   5.8904862e-01
   1.6542264e+00   1.9634954e-01
   1.5707963e+00   2.9452431e-01
   1.5707963e+00   9.8174770e-02
   1.4873662e+00   1.9634954e-01
   1.4873662e+00   3.9269908e-01
   1.4033482e+00   4.9087385e-01
   1.4033482e+00   2.9452431e-01
   1.3181161e+00   3.9269908e-01
   1.8234766e+00   5.8904862e+00
   1.7382444e+00   5.9886610e+00
   1.7382444e+00   5.7923115e+00
   1.6542264e+00   5.8904862e+00
   1.6542264e+00   6.0868358e+00
   1.5707963e+00   6.1850105e+00
   1.5707963e+00   5.9886610e+00
   1.4873662e+00   6.0868358e+00
   1.6542264e+00   5.6941367e+00
   1.5707963e+00   5.7923115e+00
   1.5707963e+00   5.5959619e+00
   1.4873662e+00   5.6941367e+00
   1.4873662e+00   5.8904862e+00
   1.4033482e+00   5.9886610e+00
   1.4033482e+00   5.7923115e+00
   1.3181161e+00   5.8904862e+00
   1.4873662e+00   6.2831853e+00
   1.4033482e+00   9.8174770e-02
   1.4033482e+00   6.1850105e+00
   1.3181161e+00   6.2831853e+00
   1.3181161e+00   1.9634954e-01
   1.2309594e+00   2.9452431e-01
   1.2309594e+00   9.8174770e-02
   1.1410209e+00   1.9634954e-01
   1.3181161e+00   6.0868358e+00
   1.2309594e+00   6.1850105e+00
   1.2309594e+00   5.9886610e+00
   1.1410209e+00   6.0868358e+00
   1.1410209e+00   6.2831853e+00
   1.0471976e+00   9.8174770e-02
   1.0471976e+00   6.1850105e+00
   9.4796974e-01   6.2831853e+00
   2.1936229e+00   1.5707963e+00
   2.0943951e+00   1.6689711e+00
   2.0943951e+00   1.4726216e+00
   2.0005718e+00   1.5707963e+00
   2.0005718e+00   1.7671459e+00
   1.9106332e+00   1.8653206e+00
   1.9106332e+00   1.6689711e+00
   1.8234766e+00   1.7671459e+00
   2.0005718e+00   1.3744468e+00
   1.9106332e+00   1.4726216e+00
   1.9106332e+00   1.2762720e+00
   1.8234766e+00   1.3744468e+00
   1.8234766e+00   1.5707963e+00
   1.7382444e+00   1.6689711e+00
   1.7382444e+00   1.4726216e+00
   1.6542264e+00   1.5707963e+00
   1.8234766e+00   1.9634954e+00
   1.7382444e+00   2.0616702e+00
   1.7382444e+00   1.8653206e+00
   1.6542264e+00   1.9634954e+00
   1.6542264e+00   2.1598449e+00
   1.5707963e+00   2.2580197e+00
   1.5707963e+00   2.0616702e+00
   1.4873662e+00   2.1598449e+00
   1.6542264e+00   1.7671459e+00
   1.5707963e+00   1.8653206e+00
   1.5707963e+00   1.6689711e+00
   1.4873662e+00   1.7671459e+00
   1.4873662e+00   1.9634954e+00
   1.4033482e+00   2.0616702e+00
   1.4033482e+00   1.8653206e+00
   1.3181161e+00   1.9634954e+00
   1.8234766e+00   1.1780972e+00
   1.7382444e+00   1.2762720e+00
   1.7382444e+00   1.0799225e+00
   1.6542264e+00   1.1780972e+00
   1.6542264e+00   1.3744468e+00
   1.5707963e+00   1.4726216e+00
   1.5707963e+00   1.2762720e+00
   1.4873662e+00   1.3744468e+00
   1.6542264e+00   9.8174770e-01
   1.5707963e+00   1.0799225e+00
   1.5707963e+00   8.8357293e-01
   1.4873662e+00   9.8174770e-01
   1.4873662e+00   1.1780972e+00
   1.4033482e+00   1.2762720e+00
   1.4033482e+00   1.0799225e+00
   1.3181161e+00   1.1780972e+00
   1.4873662e+00   1.5707963e+00
   1.4033482e+00   1.6689711e+00
   1.4033482e+00   1.4726216e+00
   1.3181161e+00   1.5707963e+00
   1.3181161e+00   1.7671459e+00
   1.2309594e+00   1.8653206e+00
   1.2309594e+00   1.6689711e+00
   1.1410209e+00   1.7671459e+00
   1.3181161e+00   1.3744468e+00
   1.2309594e+00   1.4726216e+00
   1.2309594e+00   1.2762720e+00
   1.1410209e+00   1.3744468e+00
   1.1410209e+00   1.5707963e+00
   1.0471976e+00   1.6689711e+00
   1.0471976e+00   1.4726216e+00
   9.4796974e-01   1.5707963e+00
   2.1936229e+00   3.1415927e+00
   2.0943951e+00   3.2397674e+00
   2.0943951e+00   3.0434179e+00
   2.0005718e+00   3.1415927e+00
   2.0005718e+00   3.3379422e+00
   1.9106332e+00   3.4361170e+00
   1.9106332e+00   3.2397674e+00
   1.8234766e+00   3.3379422e+00
   2.0005718e+00   2.9452431e+00
   1.9106332e+00   3.0434179e+00
   1.9106332e+00   2.8470683e+00
   1.8234766e+00   2.9452431e+00
   1.8234766e+00   3.1415927e+00
   1.7382444e+00   3.2397674e+00
   1.7382444e+00   3.0434179e+00
   1.6542264e+00   3.1415927e+00
   1.8234766e+00   3.5342917e+00
   1.7382444e+00   3.6324665e+00
   1.7382444e+00   3.4361170e+00
   1.6542264e+00   3.5342917e+00
   1.6542264e+00   3.7306413e+00
   1.5707963e+00   3.8288160e+00
   1.5707963e+00   3.6324665e+00
   1.4873662e+00   3.7306413e+00
   1.6542264e+00   3.3379422e+00
   1.5707963e+00   3.4361170e+00
   1.5707963e+00   3.2397674e+00
   1.4873662e+00   3.3379422e+00
   1.4873662e+00   3.5342917e+00
   1.4033482e+00   3.6324665e+00
   1.4033482e+00   3.4361170e+00
   1.3181161e+00   3.5342917e+00
   1.8234766e+00   2.7488936e+00
   1.7382444e+00   2.8470683e+00
   1.7382444e+00   2.6507188e+00
   1.6542264e+00   2.7488936e+00
   1.6542264e+00   2.9452431e+00
   1.5707963e+00   3.0434179e+00
   1.5707963e+00   2.8470683e+00
   1.4873662e+00   2.9452431e+00
   1.6542264e+00   2.5525440e+00
   1.5707963e+00   2.6507188e+00
   1.5707963e+00   2.4543693e+00
   1.4873662e+00   2.5525440e+00
   1.4873662e+00   2.7488936e+00
   1.4033482e+00   2.8470683e+00
   1.4033482e+00   2.6507188e+00
   1.3181161e+00   2.7488936e+00
   1.4873662e+00   3.1415927e+00
   1.4033482e+00   3.2397674e+00
   1.4033482e+00   3.0434179e+00
   1.3181161e+00   3.1415927e+00
   1.3181161e+00   3.3379422e+00
   1.2309594e+00   3.4361170e+00
   1.2309594e+00   3.2397674e+00
   1.1410209e+00   3.3379422e+00
   1.3181161e+00   2.9452431e+00
   1.2309594e+00   3.0434179e+00
   1.2309594e+00   2.8470683e+00
   1.1410209e+00   2.9452431e+00
   1.1410209e+00   3.1415927e+00
   1.0471976e+00   3.2397674e+00
   1.0471976e+00   3.0434179e+00
   9.4796974e-01   3.1415927e+00
   2.1936229e+00   4.7123890e+00
   2.0943951e+00   4.8105638e+00
   2.0943951e+00   4.6142142e+00
   2.0005718e+00   4.7123890e+00
   2.0005718e+00   4.9087385e+00
   1.9106332e+00   5.0069133e+00
   1.9106332e+00   4.8105638e+00
   1.8234766e+00   4.9087385e+00
   2.0005718e+00   4.5160394e+00
   1.9106332e+00   4.6142142e+00
   1.9106332e+00   4.4178647e+00
   1.8234766e+00   4.5160394e+00
   1.8234766e+00   4.7123890e+00
   1.7382444e+00   4.8105638e+00
   1.7382444e+00   4.6142142e+00
   1.6542264e+00   4.7123890e+00
   1.8234766e+00   5.1050881e+00
   1.7382444e+00   5.2032628e+00
   1.7382444e+00   5.0069133e+00
   1.6542264e+00   5.1050881e+00
   1.6542264e+00   5.3014376e+00
   1.5707963e+00   5.3996124e+00
   1.5707963e+00   5.2032628e+00
   1.4873662e+00   5.3014376e+00
   1.6542264e+00   4.9087385e+00
   1.5707963e+00   5.0069133e+00
   1.5707963e+00   4.8105638e+00
   1.4873662e+00   4.9087385e+00
   1.4873662e+00   5.1050881e+00
   1.4033482e+00   5.2032628e+00
   1.4033482e+00   5.0069133e+00
   1.3181161e+00   5.1050881e+00
   1.8234766e+00   4.3196899e+00
   1.7382444e+00   4.4178647e+00
   1.7382444e+00   4.2215151e+00
   1.6542264e+00   4.3196899e+00
   1.6542264e+00   4.5160394e+00
   1.5707963e+00   4.6142142e+00
   1.5707963e+00   4.4178647e+00
   1.4873662e+00   4.5160394e+00
   1.6542264e+00   4.1233404e+00
   1.5707963e+00   4.2215151e+00
   1.5707963e+00   4.0251656e+00
   1.4873662e+00   4.1233404e+00
   1.4873662e+00   4.3196899e+00
   1.4033482e+00   4.4178647e+00
   1.4033482e+00   4.2215151e+00
   1.3181161e+00   4.3196899e+00
   1.4873662e+00   4.7123890e+00
   1.4033482e+00   4.8105638e+00
   1.4033482e+00   4.6142142e+00
   1.3181161e+00   4.7123890e+00
   1.3181161e+00   4.9087385e+00
   1.2309594e+00   5.0069133e+00
   1.2309594e+00   4.8105638e+00
   1.1410209e+00   4.9087385e+00
   1.3181161e+00   4.5160394e+00
   1.2309594e+00   4.6142142e+00
   1.2309594e+00   4.4178647e+00
   1.1410209e+00   4.5160394e+00
   1.1410209e+00   4.7123890e+00
   1.0471976e+00   4.8105638e+00
   1.0471976e+00   4.6142142e+00
   9.4796974e-01   4.7123890e+00
   3.0394862e+00   7.8539816e-01
   2.9371125e+00   1.1780972e+00
   2.9371125e+00   3.9269908e-01
   2.8341976e+00   7.8539816e-01
   2.8341976e+00   1.3089969e+00
   2.7304548e+00   1.3744468e+00
   2.7304548e+00   9.8174770e-01
   2.6255763e+00   1.0995574e+00
   2.8341976e+00   2.6179939e-01
   2.7304548e+00   5.8904862e-01
   2.7304548e+00   1.9634954e-01
   2.6255763e+00   4.7123890e-01
   2.6255763e+00   7.8539816e-01
   2.5192242e+00   9.1629786e-01
   2.5192242e+00   6.5449847e-01
   2.4110189e+00   7.8539816e-01
   2.6255763e+00   1.4137167e+00
   2.5192242e+00   1.4398966e+00
   2.5192242e+00   1.1780972e+00
   2.4110189e+00   1.2341971e+00
   2.4110189e+00   1.4585966e+00
   2.3005240e+00   1.4726216e+00
   2.3005240e+00   1.2762720e+00
   2.1936229e+00   1.3744468e+00
   2.4110189e+00   1.0097976e+00
   2.3005240e+00   1.0799225e+00
   2.3005240e+00   8.8357293e-01
   2.1936229e+00   9.8174770e-01
   2.1936229e+00   1.1780972e+00
   2.0943951e+00   1.2762720e+00
   2.0943951e+00   1.0799225e+00
   2.0005718e+00   1.1780972e+00
   2.6255763e+00   1.5707963e-01
   2.5192242e+00   3.9269908e-01
   2.5192242e+00   1.3089969e-01
   2.4110189e+00   3.3659921e-01
   2.4110189e+00   5.6099869e-01
   2.3005240e+00   6.8722339e-01
   2.3005240e+00   4.9087385e-01
   2.1936229e+00   5.8904862e-01
   2.4110189e+00   1.1219974e-01
   2.3005240e+00   2.9452431e-01
   2.3005240e+00   9.8174770e-02
   2.1936229e+00   1.9634954e-01
   2.1936229e+00   3.9269908e-01
   2.0943951e+00   4.9087385e-01
   2.0943951e+00   2.9452431e-01
   2.0005718e+00   3.9269908e-01
   2.1936229e+00   7.8539816e-01
   2.0943951e+00   8.8357293e-01
   2.0943951e+00   6.8722339e-01
   2.0005718e+00   7.8539816e-01
   2.0005718e+00   9.8174770e-01
   1.9106332e+00   1.0799225e+00
   1.9106332e+00   8.8357293e-01
   1.8234766e+00   9.8174770e-01
   2.0005718e+00   5.8904862e-01
   1.9106332e+00   6.8722339e-01
   1.9106332e+00   4.9087385e-01
   1.8234766e+00   5.8904862e-01
   1.8234766e+00   7.8539816e-01
   1.7382444e+00   8.8357293e-01
   1.7382444e+00   6.8722339e-01
   1.6542264e+00   7.8539816e-01
   3.0394862e+00   2.3561945e+00
   2.9371125e+00   2.7488936e+00
   2.9371125e+00   1.9634954e+00
   2.8341976e+00   2.3561945e+00
   2.8341976e+00   2.8797933e+00
   2.7304548e+00   2.9452431e+00
   2.7304548e+00   2.5525440e+00
   2.6255763e+00   2.6703538e+00
   2.8341976e+00   1.8325957e+00
   2.7304548e+00   2.1598449e+00
   2.7304548e+00   1.7671459e+00
   2.6255763e+00   2.0420352e+00
   2.6255763e+00   2.3561945e+00
   2.5192242e+00   2.4870942e+00
   2.5192242e+00   2.2252948e+00
   2.4110189e+00   2.3561945e+00
   2.6255763e+00   2.9845130e+00
   2.5192242e+00   3.0106930e+00
   2.5192242e+00   2.7488936e+00
   2.4110189e+00   2.8049934e+00
   2.4110189e+00   3.0293929e+00
   2.3005240e+00   3.0434179e+00
   2.3005240e+00   2.8470683e+00
   2.1936229e+00   2.9452431e+00
   2.4110189e+00   2.5805940e+00
   2.3005240e+00   2.6507188e+00
   2.3005240e+00   2.4543693e+00
   2.1936229e+00   2.5525440e+00
   2.1936229e+00   2.7488936e+00
   2.0943951e+00   2.8470683e+00
   2.0943951e+00   2.6507188e+00
   2.0005718e+00   2.7488936e+00
   2.6255763e+00   1.7278760e+00
   2.5192242e+00   1.9634954e+00
   2.5192242e+00   1.7016960e+00
   2.4110189e+00   1.9073955e+00
   2.4110189e+00   2.1317950e+00
   2.3005240e+00   2.2580197e+00
   2.3005240e+00   2.0616702e+00
   2.1936229e+00   2.1598449e+00
   2.4110189e+00   1.6829961e+00
   2.3005240e+00   1.8653206e+00
   2.3005240e+00   1.6689711e+00
   2.1936229e+00   1.7671459e+00
   2.1936229e+00   1.9634954e+00
   2.0943951e+00   2.0616702e+00
   2.0943951e+00   1.8653206e+00
   2.0005718e+00   1.9634954e+00
   2.1936229e+00   2.3561945e+00
   2.0943951e+00   2.4543693e+00
   2.0943951e+00   2.2580197e+00
   2.0005718e+00   2.3561945e+00
   2.0005718e+00   2.5525440e+00
   1.9106332e+00   2.6507188e+00
   1.9106332e+00   2.4543693e+00
   1.8234766e+00   2.5525440e+00
   2.0005718e+00   2.1598449e+00
   1.9106332e+00   2.2580197e+00
   1.9106332e+00   2.0616702e+00
   1.8234766e+00   2.1598449e+00
   1.8234766e+00   2.3561945e+00
   1.7382444e+00   2.4543693e+00
   1.7382444e+00   2.2580197e+00
   1.6542264e+00   2.3561945e+00
   3.0394862e+00   3.9269908e+00
   2.9371125e+00   4.3196899e+00
   2.9371125e+00   3.5342917e+00
   2.8341976e+00   3.9269908e+00
   2.8341976e+00   4.4505896e+00
   2.7304548e+00   4.5160394e+00
   2.7304548e+00   4.1233404e+00
   2.6255763e+00   4.2411501e+00
   2.8341976e+00   3.4033920e+00
   2.7304548e+00   3.7306413e+00
   2.7304548e+00   3.3379422e+00
   2.6255763e+00   3.6128316e+00
   2.6255763e+00   3.9269908e+00
   2.5192242e+00   4.0578905e+00
   2.5192242e+00   3.7960911e+00
   2.4110189e+00   3.9269908e+00
   2.6255763e+00   4.5553093e+00
   2.5192242e+00   4.5814893e+00
   2.5192242e+00   4.3196899e+00
   2.4110189e+00   4.3757898e+00
   2.4110189e+00   4.6001892e+00
   2.3005240e+00   4.6142142e+00
   2.3005240e+00   4.4178647e+00
   2.1936229e+00   4.5160394e+00
   2.4110189e+00   4.1513903e+00
   2.3005240e+00   4.2215151e+00
   2.3005240e+00   4.0251656e+00
   2.1936229e+00   4.1233404e+00
   2.1936229e+00   4.3196899e+00
   2.0943951e+00   4.4178647e+00
   2.0943951e+00   4.2215151e+00
   2.0005718e+00   4.3196899e+00
   2.6255763e+00   3.2986723e+00
   2.5192242e+00   3.5342917e+00
   2.5192242e+00   3.2724923e+00
   2.4110189e+00   3.4781919e+00
   2.4110189e+00   3.7025913e+00
   2.3005240e+00   3.8288160e+00
   2.3005240e+00   3.6324665e+00
   2.1936229e+00   3.7306413e+00
   2.4110189e+00   3.2537924e+00
   2.3005240e+00   3.4361170e+00
   2.3005240e+00   3.2397674e+00
   2.1936229e+00   3.3379422e+00
   2.1936229e+00   3.5342917e+00
   2.0943951e+00   3.6324665e+00
   2.0943951e+00   3.4361170e+00
   2.0005718e+00   3.5342917e+00
   2.1936229e+00   3.9269908e+00
   2.0943951e+00   4.0251656e+00
   2.0943951e+00   3.8288160e+00
   2.0005718e+00   3.9269908e+00
   2.0005718e+00   4.1233404e+00
   1.9106332e+00   4.2215151e+00
   1.9106332e+00   4.0251656e+00
   1.8234766e+00   4.1233404e+00
   2.0005718e+00   3.7306413e+00
   1.9106332e+00   3.8288160e+00
   1.9106332e+00   3.6324665e+00
   1.8234766e+00   3.7306413e+00
   1.8234766e+00   3.9269908e+00
   1.7382444e+00   4.0251656e+00
   1.7382444e+00   3.8288160e+00
   1.6542264e+00   3.9269908e+00
   3.0394862e+00   5.4977871e+00
   2.9371125e+00   5.8904862e+00
   2.9371125e+00   5.1050881e+00
   2.8341976e+00   5.4977871e+00
   2.8341976e+00   6.0213859e+00
   2.7304548e+00   6.0868358e+00
   2.7304548e+00   5.6941367e+00
   2.6255763e+00   5.8119464e+00
   2.8341976e+00   4.9741884e+00
   2.7304548e+00   5.3014376e+00
   2.7304548e+00   4.9087385e+00
   2.6255763e+00   5.1836279e+00
   2.6255763e+00   5.4977871e+00
   2.5192242e+00   5.6286868e+00
   2.5192242e+00   5.3668874e+00
   2.4110189e+00   5.4977871e+00
   2.6255763e+00   6.1261057e+00
   2.5192242e+00   6.1522856e+00
   2.5192242e+00   5.8904862e+00
   2.4110189e+00   5.9465861e+00
   2.4110189e+00   6.1709856e+00
   2.3005240e+00   6.1850105e+00
   2.3005240e+00   5.9886610e+00
   2.1936229e+00   6.0868358e+00
   2.4110189e+00   5.7221866e+00
   2.3005240e+00   5.7923115e+00
   2.3005240e+00   5.5959619e+00
   2.1936229e+00   5.6941367e+00
   2.1936229e+00   5.8904862e+00
   2.0943951e+00   5.9886610e+00
   2.0943951e+00   5.7923115e+00
   2.0005718e+00   5.8904862e+00
   2.6255763e+00   4.8694686e+00
   2.5192242e+00   5.1050881e+00
   2.5192242e+00   4.8432887e+00
   2.4110189e+00   5.0489882e+00
   2.4110189e+00   5.2733877e+00
   2.3005240e+00   5.3996124e+00
   2.3005240e+00   5.2032628e+00
   2.1936229e+00   5.3014376e+00
   2.4110189e+00   4.8245887e+00
   2.3005240e+00   5.0069133e+00
   2.3005240e+00   4.8105638e+00
   2.1936229e+00   4.9087385e+00
   2.1936229e+00   5.1050881e+00
   2.0943951e+00   5.2032628e+00
   2.0943951e+00   5.0069133e+00
   2.0005718e+00   5.1050881e+00
   2.1936229e+00   5.4977871e+00
   2.0943951e+00   5.5959619e+00
   2.0943951e+00   5.3996124e+00
   2.0005718e+00   5.4977871e+00
   2.0005718e+00   5.6941367e+00
   1.9106332e+00   5.7923115e+00
   1.9106332e+00   5.5959619e+00
   1.8234766e+00   5.6941367e+00
   2.0005718e+00   5.3014376e+00
   1.9106332e+00   5.3996124e+00
   1.9106332e+00   5.2032628e+00
   1.8234766e+00   5.3014376e+00
   1.8234766e+00   5.4977871e+00
   1.7382444e+00   5.5959619e+00
   1.7382444e+00   5.3996124e+00
   1.6542264e+00   5.4977871e+00
