   1.4033482e+00   7.8539816e-01
   1.2309594e+00   9.8174770e-01
   1.2309594e+00   5.8904862e-01
   1.0471976e+00   7.8539816e-01
   1.0471976e+00   1.1780972e+00
   8.4106867e-01   1.3744468e+00
   8.4106867e-01   9.8174770e-01
   6.2236849e-01   1.3089969e+00
   1.0471976e+00   3.9269908e-01
   8.4106867e-01   5.8904862e-01
   8.4106867e-01   1.9634954e-01
   6.2236849e-01   2.6179939e-01
   6.2236849e-01   7.8539816e-01
   4.1113786e-01   1.1780972e+00
   4.1113786e-01   3.9269908e-01
   2.0448020e-01   7.8539816e-01
   1.4033482e+00   2.3561945e+00
   1.2309594e+00   2.5525440e+00
   1.2309594e+00   2.1598449e+00
   1.0471976e+00   2.3561945e+00
   1.0471976e+00   2.7488936e+00
   8.4106867e-01   2.9452431e+00
   8.4106867e-01   2.5525440e+00
   6.2236849e-01   2.8797933e+00
   1.0471976e+00   1.9634954e+00
   8.4106867e-01   2.1598449e+00
   8.4106867e-01   1.7671459e+00
   6.2236849e-01   1.8325957e+00
   6.2236849e-01   2.3561945e+00
   4.1113786e-01   2.7488936e+00
   4.1113786e-01   1.9634954e+00
   2.0448020e-01   2.3561945e+00
   1.4033482e+00   3.9269908e+00
   1.2309594e+00   4.1233404e+00
   1.2309594e+00   3.7306413e+00
   1.0471976e+00   3.9269908e+00
   1.0471976e+00   4.3196899e+00
   8.4106867e-01   4.5160394e+00
   8.4106867e-01   4.1233404e+00
   6.2236849e-01   4.4505896e+00
   1.0471976e+00   3.5342917e+00
   8.4106867e-01   3.7306413e+00
   8.4106867e-01   3.3379422e+00
   6.2236849e-01   3.4033920e+00
   6.2236849e-01   3.9269908e+00
   4.1113786e-01   4.3196899e+00
   4.1113786e-01   3.5342917e+00
   2.0448020e-01   3.9269908e+00
   1.4033482e+00   5.4977871e+00
   1.2309594e+00   5.6941367e+00
   1.2309594e+00   5.3014376e+00
   1.0471976e+00   5.4977871e+00
   1.0471976e+00   5.8904862e+00
   8.4106867e-01   6.0868358e+00
   8.4106867e-01   5.6941367e+00
   6.2236849e-01   6.0213859e+00
   1.0471976e+00   5.1050881e+00
   8.4106867e-01   5.3014376e+00
   8.4106867e-01   4.9087385e+00
   6.2236849e-01   4.9741884e+00
   6.2236849e-01   5.4977871e+00
   4.1113786e-01   5.8904862e+00
   4.1113786e-01   5.1050881e+00
   2.0448020e-01   5.4977871e+00
   2.0943951e+00   6.2831853e+00
   1.9106332e+00   1.9634954e-01
   1.9106332e+00   6.0868358e+00
   1.7382444e+00   6.2831853e+00
   1.7382444e+00   3.9269908e-01
   1.5707963e+00   5.8904862e-01
   1.5707963e+00   1.9634954e-01
   1.4033482e+00   3.9269908e-01
   1.7382444e+00   5.8904862e+00
   1.5707963e+00   6.0868358e+00
   1.5707963e+00   5.6941367e+00
   1.4033482e+00   5.8904862e+00
   1.4033482e+00   6.2831853e+00
   1.2309594e+00   1.9634954e-01
   1.2309594e+00   6.0868358e+00
   1.0471976e+00   6.2831853e+00
   2.0943951e+00   1.5707963e+00
   1.9106332e+00   1.7671459e+00
   1.9106332e+00   1.3744468e+00
   1.7382444e+00   1.5707963e+00
   1.7382444e+00   1.9634954e+00
   1.5707963e+00   2.1598449e+00
   1.5707963e+00   1.7671459e+00
   1.4033482e+00   1.9634954e+00
   1.7382444e+00   1.1780972e+00
   1.5707963e+00   1.3744468e+00
   1.5707963e+00   9.8174770e-01
   1.4033482e+00   1.1780972e+00
   1.4033482e+00   1.5707963e+00
   1.2309594e+00   1.7671459e+00
   1.2309594e+00   1.3744468e+00
   1.0471976e+00   1.5707963e+00
   2.0943951e+00   3.1415927e+00
   1.9106332e+00   3.3379422e+00
   1.9106332e+00   2.9452431e+00
   1.7382444e+00   3.1415927e+00
   1.7382444e+00   3.5342917e+00
   1.5707963e+00   3.7306413e+00
   1.5707963e+00   3.3379422e+00
   1.4033482e+00   3.5342917e+00
   1.7382444e+00   2.7488936e+00
   1.5707963e+00   2.9452431e+00
   1.5707963e+00   2.5525440e+00
   1.4033482e+00   2.7488936e+00
   1.4033482e+00   3.1415927e+00
   1.2309594e+00   3.3379422e+00
   1.2309594e+00   2.9452431e+00
   1.0471976e+00   3.1415927e+00
   2.0943951e+00   4.7123890e+00
   1.9106332e+00   4.9087385e+00
   1.9106332e+00   4.5160394e+00
   1.7382444e+00   4.7123890e+00
   1.7382444e+00   5.1050881e+00
   1.5707963e+00   5.3014376e+00
   1.5707963e+00   4.9087385e+00
   1.4033482e+00   5.1050881e+00
   1.7382444e+00   4.3196899e+00
   1.5707963e+00   4.5160394e+00
   1.5707963e+00   4.1233404e+00
   1.4033482e+00   4.3196899e+00
   1.4033482e+00   4.7123890e+00
   1.2309594e+00   4.9087385e+00
   1.2309594e+00   4.5160394e+00
   1.0471976e+00   4.7123890e+00
   2.9371125e+00   7.8539816e-01
   2.7304548e+00   1.1780972e+00
   2.7304548e+00   3.9269908e-01
   2.5192242e+00   7.8539816e-01
   2.5192242e+00   1.3089969e+00
   2.3005240e+00   1.3744468e+00
   2.3005240e+00   9.8174770e-01
   2.0943951e+00   1.1780972e+00
   2.5192242e+00   2.6179939e-01
   2.3005240e+00   5.8904862e-01
   2.3005240e+00   1.9634954e-01
   2.0943951e+00   3.9269908e-01
   2.0943951e+00   7.8539816e-01
   1.9106332e+00   9.8174770e-01
   1.9106332e+00   5.8904862e-01
   1.7382444e+00   7.8539816e-01
   2.9371125e+00   2.3561945e+00
   2.7304548e+00   2.7488936e+00
   2.7304548e+00   1.9634954e+00
   2.5192242e+00   2.3561945e+00
   2.5192242e+00   2.8797933e+00
   2.3005240e+00   2.9452431e+00
   2.3005240e+00   2.5525440e+00
   2.0943951e+00   2.7488936e+00
   2.5192242e+00   1.8325957e+00
   2.3005240e+00   2.1598449e+00
   2.3005240e+00   1.7671459e+00
   2.0943951e+00   1.9634954e+00
   2.0943951e+00   2.3561945e+00
   1.9106332e+00   2.5525440e+00
   1.9106332e+00   2.1598449e+00
   1.7382444e+00   2.3561945e+00
   2.9371125e+00   3.9269908e+00
   2.7304548e+00   4.3196899e+00
   2.7304548e+00   3.5342917e+00
   2.5192242e+00   3.9269908e+00
   2.5192242e+00   4.4505896e+00
   2.3005240e+00   4.5160394e+00
   2.3005240e+00   4.1233404e+00
   2.0943951e+00   4.3196899e+00
   2.5192242e+00   3.4033920e+00
   2.3005240e+00   3.7306413e+00
   2.3005240e+00   3.3379422e+00
   2.0943951e+00   3.5342917e+00
   2.0943951e+00   3.9269908e+00
   1.9106332e+00   4.1233404e+00
   1.9106332e+00   3.7306413e+00
   1.7382444e+00   3.9269908e+00
   2.9371125e+00   5.4977871e+00
   2.7304548e+00   5.8904862e+00
   2.7304548e+00   5.1050881e+00
   2.5192242e+00   5.4977871e+00
   2.5192242e+00   6.0213859e+00
   2.3005240e+00   6.0868358e+00
   2.3005240e+00   5.6941367e+00
   2.0943951e+00   5.8904862e+00
   2.5192242e+00   4.9741884e+00
   2.3005240e+00   5.3014376e+00
   2.3005240e+00   4.9087385e+00
   2.0943951e+00   5.1050881e+00
   2.0943951e+00   5.4977871e+00
   1.9106332e+00   5.6941367e+00
   1.9106332e+00   5.3014376e+00
   1.7382444e+00   5.4977871e+00
