   1.2309594e+00   7.8539816e-01
   8.4106867e-01   1.1780972e+00
   8.4106867e-01   3.9269908e-01
   4.1113786e-01   7.8539816e-01
   1.2309594e+00   2.3561945e+00
   8.4106867e-01   2.7488936e+00
   8.4106867e-01   1.9634954e+00
   4.1113786e-01   2.3561945e+00
   1.2309594e+00   3.9269908e+00
   8.4106867e-01   4.3196899e+00
   8.4106867e-01   3.5342917e+00
   4.1113786e-01   3.9269908e+00
   1.2309594e+00   5.4977871e+00
   8.4106867e-01   5.8904862e+00
   8.4106867e-01   5.1050881e+00
   4.1113786e-01   5.4977871e+00
   1.9106332e+00   6.2831853e+00
   1.5707963e+00   3.9269908e-01
   1.5707963e+00   5.8904862e+00
   1.2309594e+00   6.2831853e+00
   1.9106332e+00   1.5707963e+00
   1.5707963e+00   1.9634954e+00
   1.5707963e+00   1.1780972e+00
   1.2309594e+00   1.5707963e+00
   1.9106332e+00   3.1415927e+00
   1.5707963e+00   3.5342917e+00
   1.5707963e+00   2.7488936e+00
   1.2309594e+00   3.1415927e+00
   1.9106332e+00   4.7123890e+00
   1.5707963e+00   5.1050881e+00
   1.5707963e+00   4.3196899e+00
   1.2309594e+00   4.7123890e+00
   2.7304548e+00   7.8539816e-01
   2.3005240e+00   1.1780972e+00
   2.3005240e+00   3.9269908e-01
   1.9106332e+00   7.8539816e-01
   2.7304548e+00   2.3561945e+00
   2.3005240e+00   2.7488936e+00
   2.3005240e+00   1.9634954e+00
   1.9106332e+00   2.3561945e+00
   2.7304548e+00   3.9269908e+00
   2.3005240e+00   4.3196899e+00
   2.3005240e+00   3.5342917e+00
   1.9106332e+00   3.9269908e+00
   2.7304548e+00   5.4977871e+00
   2.3005240e+00   5.8904862e+00
   2.3005240e+00   5.1050881e+00
   1.9106332e+00   5.4977871e+00
