0.000675119
0.000674169
0.000792692
0.000823646
0.000661297
0.000633148
0.000844855
0.000849437
0.000770375
0.00083756
0.000610821
0.00070675
0.000902116
0.00095417
0.000811185
0.000912931
0.000588095
0.000526908
0.000831837
0.000789033
0.000453034
0.000372359
0.000721421
0.000633104
0.000984057
0.000984025
0.000999106
0.00105719
0.000949847
0.00088189
0.00107738
0.00105462
0.000367586
0.00047275
0.000131526
0.000217001
0.000599433
0.000737865
0.000336005
0.000483786
4.51037e-06
3.65744e-05
6.7902e-05
1.34205e-05
0.000110274
0.00022993
2.65357e-06
5.30717e-05
0.000873988
0.000991541
0.000648152
0.000811161
0.00107506
0.00111296
0.000952529
0.00105379
0.00038894
0.00057054
0.000167613
0.000333928
0.000751275
0.000906128
0.000527497
0.000717541
0.000292452
0.000221389
0.00053147
0.000426067
0.000166393
0.000132553
0.000327005
0.000243211
0.000785319
0.000669352
0.00098976
0.000889533
0.000545669
0.000426347
0.000765301
0.000630921
0.000121875
0.00013287
0.000180889
0.000142495
0.000160724
0.000198044
0.000126448
0.000160866
0.000321751
0.000238848
0.000500195
0.000302023
0.000138629
0.000136175
0.000162444
0.000122969
0.00109994
0.00103802
0.00110211
0.00109279
0.000936048
0.000807798
0.00102988
0.000882055
0.00101389
0.00106142
0.000874031
0.000985458
0.00104128
0.000928527
0.00101756
0.000948383
0.000590859
0.000368383
0.00066968
0.000433527
0.000194719
0.000119757
0.000232386
0.000124768
0.000733293
0.000494047
0.000780352
0.000547594
0.000272688
0.000136128
0.000313289
0.000151997
0.000355025
0.000186404
0.000836056
0.000534993
5.6918e-05
8.23181e-07
0.000263129
7.43098e-05
0.0014205
0.000980382
0.00197763
0.00140497
0.000557496
0.000226926
0.000840566
0.000380974
3.42578e-05
0.000152372
7.15439e-07
4.7324e-05
0.000331642
0.000536338
0.000192984
0.000373748
3.84236e-05
7.71709e-06
9.32337e-05
7.06959e-06
8.74439e-05
0.00024821
3.43344e-05
0.000166972
0.00237014
0.00168568
0.00249232
0.00173221
0.00100947
0.000458053
0.000995051
0.000549213
0.00230234
0.00151901
0.00183906
0.00120383
0.00094832
0.000481391
0.000663624
0.000275194
0.000183159
3.11589e-05
0.000219548
4.1814e-05
1.77144e-05
0.00012841
2.01739e-05
0.00012939
0.000167963
2.58083e-05
6.33336e-05
2.09099e-05
4.1496e-05
0.000176329
0.000114202
0.000292027
0.000726656
0.000884411
0.000582431
0.000775109
0.000967709
0.000945503
0.000902835
0.000925716
0.000459675
0.000673552
0.000370866
0.000593362
0.000834786
0.000896015
0.000775039
0.00086383
0.000811273
0.000592803
0.000827852
0.000629119
0.000352318
0.000170652
0.000388332
0.000190553
0.000832822
0.000656549
0.000829361
0.000675315
0.000420224
0.000210355
0.000447053
0.000228918
0.000323181
0.000545417
0.00032199
0.000538754
0.000734006
0.00083634
0.00072054
0.00081948
0.000375906
0.000581352
0.000496722
0.000674984
0.000740193
0.000815129
0.000786795
0.000811119
0.000820497
0.000685322
0.000808016
0.000685077
0.000467717
0.000245269
0.000480173
0.000258509
0.000789458
0.000668654
0.000747673
0.000614685
0.000478879
0.00026737
0.000443004
0.000265868
0.00256597
0.00256483
0.00247163
0.00251972
0.00259998
0.00267846
0.00258773
0.00268107
0.00211728
0.00220501
0.00158821
0.00169453
0.00229758
0.00239741
0.00179568
0.0018909
0.00280347
0.0029729
0.00280062
0.00294118
0.00317726
0.00339714
0.00308994
0.00322533
0.00250285
0.00260681
0.00197634
0.00204412
0.00269578
0.00274961
0.00208181
0.00207304
0.00102338
0.00112393
0.000560895
0.000635875
0.00121543
0.00129464
0.000702895
0.000757523
0.000294249
0.000333747
0.000249232
0.000254819
0.000368957
0.00039572
0.00025978
0.000261382
0.00135636
0.00139297
0.0007944
0.000807185
0.00139443
0.0013494
0.000789035
0.000733958
0.000409695
0.000406665
0.000257185
0.000245522
0.000383272
0.000338396
0.000226269
0.000201974
0.00360163
0.00374874
0.00331709
0.00332873
0.00378966
0.00367739
0.00322314
0.00297155
0.00274288
0.00264841
0.00199958
0.00184533
0.0024435
0.00211837
0.00160239
0.00127821
0.00337927
0.0028911
0.00256484
0.00202438
0.0022486
0.00153107
0.0014084
0.00085849
0.00168541
0.00118616
0.000901978
0.000600127
0.000763949
0.000383662
0.000324561
0.000124394
0.00124764
0.00108399
0.000639226
0.000508755
0.000863532
0.000606696
0.000356798
0.000240824
0.000275185
0.000203405
0.000179167
0.000163135
0.000147552
0.000107561
0.000156955
0.000164215
0.000408467
0.00023124
0.00014387
7.97598e-05
0.000102287
5.63689e-05
6.71762e-05
0.000126271
9.01547e-05
0.000104495
0.000189581
0.000238361
0.000161197
0.000267686
0.000314749
0.000416415
0.000384681
0.000367378
0.000613445
0.000589089
0.000351026
0.00033489
0.000564135
0.000539702
0.000834579
0.000818363
0.000965649
0.000967606
0.000796986
0.000772663
0.000957937
0.000938846
0.000318758
0.000303394
0.0005175
0.000500055
0.000291105
0.000286346
0.000490861
0.000505087
0.000748187
0.000726782
0.000913088
0.000906178
0.000735995
0.0007325
0.00088434
0.000850848
0.000965221
0.000987933
0.000839747
0.000878663
0.00099239
0.000979662
0.000894404
0.000838769
0.000634519
0.000680372
0.000413501
0.000346672
0.000609174
0.000538204
0.00028756
0.000237344
0.000948873
0.000905186
0.000775794
0.000709091
0.000852274
0.000793571
0.000641751
0.000576259
0.000470262
0.00040742
0.000196448
0.000164685
0.000351054
0.000301917
0.000141402
0.000125621
0.000292776
0.000300863
0.000512672
0.000516058
0.000313148
0.000332727
0.000518087
0.000521619
0.00071907
0.000698743
0.000809019
0.000761938
0.000674481
0.000648815
0.000712205
0.000661664
0.000362865
0.000406164
0.000529016
0.000541139
0.000462362
0.000522626
0.000555011
0.000558245
0.000623329
0.000597696
0.000610995
0.000558909
0.000567473
0.000519054
0.000500269
0.000421884
0.000732078
0.000670217
0.000514457
0.000457535
0.0006097
0.000551383
0.000406042
0.000359858
0.000260222
0.000225747
0.00011616
0.000111744
0.000197924
0.000175924
0.000111088
0.00011297
0.000494997
0.000438541
0.000318082
0.00027865
0.000376797
0.000298117
0.000237272
0.000185202
0.000158693
0.000144888
0.000116293
0.000120147
0.000132544
0.000118481
0.000123986
0.000129224
0.00255307
0.00246006
0.00255274
0.00250941
0.00210713
0.00157942
0.00219654
0.00168762
0.00259012
0.00258019
0.00267201
0.00267751
0.0022922
0.0017919
0.00239626
0.00189123
0.00101609
0.000555718
0.00111847
0.000632169
0.000292225
0.000251519
0.00033253
0.000257037
0.00121279
0.000701338
0.00129558
0.000758649
0.000368915
0.00026199
0.000397145
0.000263652
0.00280135
0.00280194
0.00297577
0.00294791
0.00250672
0.00198142
0.00261609
0.00205416
0.00318537
0.00310215
0.00341029
0.00324253
0.00271033
0.00209653
0.00276876
0.00209161
0.00136136
0.000798497
0.00140208
0.000814202
0.000412718
0.000259515
0.000411165
0.000247773
0.00140726
0.000798523
0.00136504
0.000745059
0.000388828
0.000228126
0.000344288
0.000202951
0.000392121
0.000626148
0.000373786
0.000599851
0.000851686
0.000985368
0.000832802
0.00098421
0.000356177
0.000572478
0.00033865
0.000545321
0.000808068
0.000970584
0.000779959
0.000947026
0.000985169
0.000857501
0.00100465
0.000893408
0.00064822
0.000422325
0.000691583
0.000352756
0.00100495
0.000905198
0.000987527
0.000845955
0.000617093
0.000291425
0.000543208
0.000239585
0.000321033
0.000520248
0.000304081
0.000499909
0.000751532
0.000916663
0.000726274
0.000906234
0.00029006
0.000487902
0.000283396
0.000499616
0.000732389
0.000881189
0.000726175
0.000845063
0.000953046
0.000779658
0.000905936
0.000710122
0.000472875
0.000197654
0.000408233
0.000165378
0.00085011
0.000640563
0.000789164
0.000573509
0.000350655
0.000141997
0.000300833
0.0001264
0.00361901
0.00333823
0.00376895
0.0033522
0.00276537
0.00202063
0.0026725
0.00186712
0.00381084
0.00324694
0.00369742
0.00299356
0.00246715
0.00162297
0.00213957
0.00129577
0.00126477
0.000650734
0.00110096
0.000519273
0.000280465
0.00017868
0.000207053
0.000160996
0.000878613
0.000364973
0.000618414
0.000246453
0.000149375
0.000153308
0.000107471
0.000159437
0.00339621
0.00258322
0.00290356
0.00203792
0.0017025
0.000915164
0.0011982
0.00060832
0.00225607
0.00141681
0.00153409
0.000860724
0.000770019
0.000328099
0.000385036
0.000124927
0.000416482
0.00014671
0.0002354
8.01565e-05
8.84081e-05
0.000184274
0.000101754
0.000233345
0.000103387
6.61582e-05
5.6158e-05
0.000125469
0.000158543
0.000311022
0.000266477
0.00041499
0.000287876
0.000505091
0.000294341
0.000507001
0.000710661
0.00080135
0.000689054
0.000753227
0.000305542
0.000508341
0.000324729
0.000512044
0.000664401
0.000703305
0.000639233
0.000653372
0.000726178
0.000510784
0.000663579
0.00045351
0.000258886
0.000117272
0.000224474
0.000113214
0.000603027
0.000402134
0.000545285
0.000356428
0.000196911
0.000112838
0.000175259
0.000114851
0.000355273
0.000520475
0.000399833
0.000534435
0.000615066
0.000604003
0.000591446
0.000553759
0.000458135
0.000550807
0.00052116
0.000556887
0.000563722
0.000497289
0.000517914
0.000421036
0.000489965
0.000315376
0.00043493
0.000276811
0.000158376
0.000118112
0.000144858
0.000121702
0.000374789
0.000236338
0.000297601
0.000185028
0.000132697
0.000125087
0.000118643
0.000129684
0.000668763
0.000786038
0.000668903
0.000818096
0.000765014
0.000607746
0.00083327
0.000704701
0.000656674
0.000839965
0.000628673
0.000844672
0.000898509
0.00080989
0.000950731
0.000911955
0.000366829
0.000132129
0.000472976
0.000218543
4.83926e-06
6.61781e-05
3.77772e-05
1.24539e-05
0.000600548
0.000338632
0.000739585
0.000487429
0.000112785
3.20488e-06
0.000233953
5.56657e-05
0.000583318
0.000826661
0.000521527
0.000783016
0.000980213
0.000997899
0.000979254
0.00105518
0.000446981
0.000714346
0.000365843
0.000625044
0.000943803
0.00107412
0.000874498
0.00104989
0.000875849
0.000652494
0.000992977
0.000815697
0.000394371
0.000172402
0.000576981
0.000340664
0.00107554
0.000956684
0.00111212
0.00105708
0.000758145
0.000535627
0.000912831
0.000726377
0.000349909
0.000827101
0.000181858
0.00052635
0.00140834
0.00196383
0.000968219
0.00139082
5.40474e-05
0.000256238
4.96389e-07
7.03816e-05
0.00054707
0.000828052
0.000219757
0.000371859
0.00235677
0.00248136
0.00167162
0.00172024
0.0022951
0.00183583
0.00151049
0.00120116
0.000996858
0.000984271
0.000448808
0.000541132
0.000941461
0.00066164
0.000476534
0.000273955
3.69116e-05
4.73098e-07
0.000157938
5.08813e-05
3.54922e-05
8.86921e-05
9.29183e-06
6.31393e-06
0.000339614
0.000199884
0.000545944
0.000382937
9.24023e-05
3.73382e-05
0.000256121
0.000173268
0.000177406
0.000214576
2.91817e-05
4.00333e-05
0.00016524
6.28332e-05
2.51598e-05
2.10837e-05
1.93831e-05
2.13686e-05
0.000133239
0.000133107
4.26997e-05
0.000114945
0.000179047
0.000293208
0.000285942
0.000522796
0.000215534
0.000417392
0.000776827
0.000983654
0.000660298
0.000882472
0.000161882
0.000319064
0.000129954
0.000236695
0.000536782
0.000757953
0.00041839
0.00062406
0.00109772
0.00110429
0.00103467
0.00109391
0.00101999
0.000882943
0.00106676
0.000993796
0.000932128
0.00103031
0.000804014
0.000881526
0.00104534
0.00102479
0.00093136
0.000954288
0.000121489
0.000176282
0.000134626
0.000139956
0.000315354
0.000494529
0.000234364
0.000298215
0.000164164
0.000125768
0.000202397
0.000163316
0.000137204
0.000161052
0.000137396
0.000123618
0.000587329
0.00066882
0.000366005
0.00043308
0.000735287
0.000785046
0.000495758
0.00055142
0.000194005
0.000232811
0.000120397
0.000125822
0.000274498
0.000316522
0.000137861
0.000154505
0.000737059
0.000593153
0.000894789
0.000786431
0.000469743
0.000379657
0.000684783
0.000603668
0.000977322
0.000913846
0.000953866
0.000935708
0.000846172
0.000785858
0.000906704
0.000874274
0.000330429
0.000327622
0.000554213
0.000545625
0.000379739
0.000498203
0.000585884
0.000676632
0.000743464
0.000727982
0.000845662
0.000826892
0.000745034
0.000788495
0.000819937
0.000812776
0.00081823
0.000836422
0.000598462
0.000636144
0.000842223
0.000838751
0.00066434
0.000683196
0.000356823
0.000393802
0.000173885
0.000194335
0.000426243
0.000453136
0.000214425
0.00023296
0.000829033
0.000814896
0.000692587
0.000691019
0.000793951
0.000749211
0.000672593
0.000616048
0.000473347
0.000484826
0.000248953
0.00026152
0.000482034
0.000444138
0.000269423
0.000266673
0.000156021
0.000148099
0.000147702
0.000211618
0.000198369
0.000284398
0.000323011
0.000450305
0.000196757
0.000321625
0.000280758
0.000446631
0.00047321
0.000615337
0.000612965
0.000743118
0.000381479
0.00047011
0.00056621
0.000653615
0.000539191
0.000585743
0.000706731
0.000728887
0.000722193
0.000782215
0.00081616
0.000828501
0.000796999
0.000777159
0.000790435
0.000720035
0.000375261
0.000559703
0.000461168
0.000644201
0.000716904
0.000813244
0.000773998
0.000822719
0.000527784
0.000694771
0.000572436
0.000715049
0.00078631
0.000782328
0.000764746
0.000710419
0.000835379
0.000789435
0.00078663
0.00068274
0.00069507
0.000577385
0.000540296
0.00039063
0.000690083
0.000538197
0.0005711
0.000387384
0.000365476
0.000208605
0.000207526
7.28412e-05
0.000612633
0.000625718
0.00072882
0.000717012
0.000631409
0.000635044
0.000703021
0.000694055
0.000737281
0.000691698
0.000636904
0.000557624
0.000651931
0.000625811
0.000493643
0.00045139
0.000640104
0.000647994
0.000694544
0.000706271
0.00065816
0.000668372
0.000728653
0.000758989
0.000617773
0.000629568
0.000433676
0.000441348
0.000660832
0.000709242
0.000474321
0.000531651
0.000459545
0.000358106
0.000258678
0.000158321
0.000281705
0.000232573
9.21606e-05
5.4876e-05
9.24927e-05
2.56769e-05
6.73093e-06
1.01026e-05
1.39606e-06
3.14288e-06
6.38098e-05
0.000136681
0.000209557
0.000211105
3.83386e-05
3.64561e-05
0.000237069
0.000288773
4.81073e-05
7.74098e-05
1.23831e-05
1.57769e-05
0.000196274
0.000218999
9.7273e-06
1.13835e-06
0.000196809
0.000138827
0.000598155
0.000713906
0.000610829
0.000701806
0.000723985
0.000626646
0.000678291
0.000547458
0.000616792
0.00068819
0.000621261
0.000680113
0.000639018
0.000484086
0.000613813
0.000442735
0.000452845
0.000255185
0.00035168
0.000155221
9.12551e-05
6.59365e-06
2.48728e-05
1.03735e-05
0.000275961
8.97508e-05
0.000227664
5.31553e-05
1.20807e-06
6.45566e-05
3.4133e-06
0.000137585
0.000627568
0.000681852
0.000636973
0.000695055
0.000606954
0.000426061
0.000620082
0.000434832
0.000648776
0.000719021
0.000660594
0.000750924
0.000652754
0.00046894
0.000702574
0.000527433
0.000205474
3.71443e-05
0.0002078
3.56231e-05
1.27876e-05
0.000196841
1.60293e-05
0.000218815
0.000234536
4.7591e-05
0.000287078
7.7331e-05
9.74325e-06
0.000195743
1.10372e-06
0.000137134
2.22042e-05
0.000129802
0.000130164
0.000366202
0.000295582
0.000470855
0.000668863
0.000970151
0.000296257
0.000669057
0.000471357
0.000969881
0.0011177
0.00155455
0.0015539
0.00211741
0.000606151
0.000664743
0.00120135
0.00131028
0.000631967
0.000518182
0.00127373
0.00110218
0.00189073
0.00205739
0.00255218
0.00277289
0.00202152
0.00179287
0.00273668
0.00245237
0.000605809
0.00119975
0.000662998
0.00130664
0.00188838
0.00255026
0.00205243
0.00276795
0.000628632
0.00126778
0.000513567
0.00109425
0.00201357
0.0027282
0.00178229
0.00244067
0.00306035
0.00331891
0.00331568
0.00358522
0.00327457
0.00293611
0.00351971
0.0031299
0.00326743
0.00351562
0.00292528
0.00312181
0.00341491
0.00298119
0.00297706
0.00251593
0.000813349
0.000947752
0.000360416
0.000442902
0.00111851
0.0013207
0.00055648
0.000702025
0.00013896
0.000164434
0.000141594
0.000117617
0.000211675
0.000285558
0.000104517
0.000109011
0.00154581
0.00178193
0.00087718
0.00107604
0.00201478
0.00222936
0.00128951
0.0015063
0.000388521
0.000519979
0.00013637
0.000189767
0.000676198
0.000850676
0.000269873
0.000374792
0.000304691
0.000249027
0.000529838
0.00046515
0.000194337
0.000147169
0.000394562
0.000322985
0.000715206
0.000662535
0.000786471
0.000759529
0.000601208
0.000533819
0.000725226
0.000683974
0.000113553
9.84546e-05
0.000255497
0.000196987
0.000105294
0.00013563
0.000151755
0.000123153
0.000463468
0.000393601
0.000636673
0.000584729
0.000327802
0.00026952
0.000530022
0.00047481
0.00241203
0.00255258
0.0017144
0.00190281
0.00264576
0.00269212
0.00206315
0.0021909
0.00103499
0.00121998
0.000500349
0.000640714
0.00139707
0.00155954
0.000789267
0.000939549
0.00269788
0.00267391
0.00228598
0.00235271
0.00263404
0.00259325
0.00239894
0.00243488
0.00170336
0.00182771
0.00108613
0.00122525
0.0019348
0.0020293
0.00135509
0.00147565
0.000189069
0.000263405
0.000113295
0.000122899
0.000355007
0.000459369
0.000151288
0.000196543
0.000221773
0.000186879
0.000421552
0.000372679
0.000166231
0.000160177
0.000330335
0.000296123
0.00057172
0.000687604
0.000255792
0.000325565
0.000803286
0.000915913
0.000402135
0.000481784
0.000168005
0.000188046
0.000270921
0.000254773
0.000217848
0.000254387
0.000246891
0.00024575
0.000717531
0.000719552
0.000534958
0.000558989
0.000718413
0.00071311
0.000585098
0.000611947
0.000305501
0.000337901
0.000111298
0.000137208
0.000376615
0.000420978
0.000171052
0.000213429
0.000702866
0.000687231
0.000638075
0.000661986
0.00066618
0.000640182
0.00068228
0.000697805
0.000469949
0.000522095
0.000264543
0.000324055
0.000575659
0.000628682
0.000390996
0.000463756
2.1146e-05
3.01001e-05
6.70945e-05
5.69405e-05
4.52812e-05
6.85199e-05
4.84196e-05
4.39026e-05
0.000233719
0.000211618
0.000463301
0.000443494
0.000185159
0.00015607
0.000414084
0.000374805
0.000101527
0.000145637
4.6163e-05
5.81199e-05
0.000201559
0.000269158
8.24733e-05
0.000121281
0.000127111
0.000101968
0.00032695
0.000273575
8.49055e-05
8.02184e-05
0.000219362
0.000170115
0.000610186
0.000577541
0.000707782
0.000711879
0.000543822
0.000510621
0.000710201
0.000703211
0.000679163
0.000725231
0.000540158
0.000617589
0.00076527
0.000798011
0.000693183
0.00076402
0.000479312
0.000450866
0.000691597
0.000676127
0.000425741
0.000403857
0.000657533
0.000636452
0.000822569
0.00083844
0.000827335
0.000880703
0.0008455
0.000843995
0.000922227
0.000950681
0.000347318
0.000433904
0.000175546
0.000244889
0.000525845
0.000619328
0.000327374
0.000419538
9.1563e-05
0.00012128
0.000131939
0.00011025
0.000169847
0.000235567
0.000108802
0.000128911
0.000710091
0.000793771
0.00051662
0.000612977
0.000866298
0.00092426
0.000702628
0.000779851
0.000314571
0.000401128
0.000169049
0.000224884
0.000488245
0.000568432
0.000289755
0.000355503
0.044419
0.0486446
0.0486361
0.0523428
0.0501204
0.048741
0.0532929
0.051426
0.0500986
0.0532791
0.0487039
0.0513961
0.0538111
0.0516587
0.0516422
0.0494161
0.0447844
0.0388478
0.0470379
0.0407242
0.0317349
0.0243155
0.0332756
0.0255476
0.0471132
0.0407431
0.0449863
0.0388747
0.0333014
0.0256053
0.0317755
0.0244472
0.0447334
0.0469932
0.0387873
0.0406688
0.0470809
0.04497
0.0406989
0.0388454
0.0316712
0.0332157
0.0242552
0.0254899
0.0332511
0.0317386
0.0255556
0.0244089
0.0408939
0.0353142
0.0353006
0.0304573
0.0288506
0.022186
0.0248508
0.0190771
0.0288281
0.0248412
0.0221603
0.0190631
0.0202248
0.0154815
0.0154763
0.0118088
0.0173845
0.0115474
0.0183264
0.0122177
0.00714918
0.00425829
0.00757512
0.00448027
0.0184116
0.0123096
0.0175977
0.0117841
0.00765053
0.00452435
0.00734348
0.00436796
0.00270229
0.00214313
0.00277317
0.00212257
0.00217255
0.0024056
0.00211818
0.00236392
0.00278462
0.00211295
0.00272393
0.00211041
0.00210678
0.00237037
0.002141
0.00243111
0.0159635
0.010693
0.0137018
0.00917599
0.00668664
0.00403119
0.00577603
0.00357667
0.0110916
0.00743889
0.00845238
0.00571883
0.00475587
0.00309882
0.0037917
0.00270401
0.00260386
0.00212377
0.00246266
0.00217433
0.00222747
0.00255106
0.00237613
0.00273272
0.00235656
0.00229052
0.00234553
0.00249805
0.00259636
0.00297328
0.00289035
0.00326036
0.0173334
0.018277
0.0115093
0.0121806
0.0183683
0.0175637
0.012277
0.0117585
0.00712555
0.00755198
0.00424822
0.00447046
0.00763051
0.0073284
0.00451643
0.00436303
0.0159399
0.013688
0.0106756
0.00916606
0.0110854
0.00845067
0.00743471
0.00571803
0.00667721
0.00577173
0.00402959
0.00357786
0.00475528
0.00379299
0.00310162
0.00270703
0.00270316
0.00277421
0.00215144
0.00213096
0.0027865
0.00272708
0.0021213
0.00211853
0.00218482
0.00213036
0.00241906
0.002377
0.00211813
0.00215085
0.00238187
0.00244004
0.00260822
0.00246763
0.00213125
0.00218049
0.00236116
0.00234874
0.00229456
0.0024993
0.00223512
0.00238087
0.00255656
0.00273408
0.00259756
0.00288764
0.00297004
0.00325245
0.00608931
0.00424043
0.00424078
0.00317326
0.00303674
0.00248548
0.00259874
0.00249877
0.00303824
0.00259948
0.00248759
0.00249949
0.00251525
0.00274405
0.00274379
0.00316083
0.00247534
0.00280771
0.00276042
0.00320439
0.00324544
0.00356784
0.0036281
0.00385363
0.00317255
0.00364128
0.00363977
0.00404237
0.00398255
0.00406166
0.00423624
0.00412946
0.0024765
0.00275951
0.00280592
0.00319996
0.00317034
0.00363774
0.00363532
0.00403657
0.00323895
0.00361862
0.00355575
0.00383848
0.00397149
0.00422546
0.00404512
0.00411354
0.00405755
0.00431486
0.00431113
0.00436978
0.00431288
0.00400137
0.00415141
0.00364529
0.00430436
0.00414675
0.00398805
0.0036361
0.00372647
0.00306885
0.00306445
0.00232922
0.000879089
0.000397524
0.00101729
0.000484304
0.000148186
0.00012724
0.000178107
0.000107446
0.00119106
0.000602043
0.00139468
0.00075084
0.000230195
9.93269e-05
0.000308614
0.000108996
0.000273681
0.000490323
0.000221551
0.000428251
0.000675025
0.000751814
0.000623957
0.000725548
0.00017145
0.000361456
0.000129453
0.000294515
0.000565409
0.000692997
0.000501776
0.000654489
0.001619
0.000927634
0.00185171
0.00112601
0.000415109
0.000141092
0.000548528
0.000198216
0.00207846
0.00133663
0.00228456
0.00154828
0.000704776
0.000280611
0.000877255
0.000386159
0.000101055
0.000232087
9.06908e-05
0.000178607
0.00043586
0.000610746
0.000370753
0.000562925
0.000101333
0.00013795
0.000134242
0.000113131
0.000309668
0.000512613
0.000255717
0.000461765
0.000692078
0.000519641
0.000694081
0.000543274
0.000298882
0.000110409
0.00033082
0.000136048
0.000693826
0.000569669
0.000690318
0.000597559
0.000369523
0.000169841
0.000414427
0.000212497
2.25387e-05
6.78207e-05
3.15608e-05
5.81117e-05
0.000232014
0.000458827
0.000210681
0.000440005
4.68219e-05
4.98711e-05
7.02507e-05
4.5541e-05
0.000184687
0.000411182
0.000155796
0.000372087
0.000682705
0.000625495
0.000670393
0.000651932
0.000464567
0.000264336
0.000518543
0.000325116
0.000653155
0.000675359
0.000631212
0.000694452
0.000574577
0.000393925
0.000630616
0.000469145
0.000103689
4.80255e-05
0.000148616
6.04143e-05
0.000126881
0.000324097
0.000101809
0.00027044
0.000205866
8.55858e-05
0.000275374
0.00012574
8.50571e-05
0.000216031
8.11246e-05
0.000166923
0.00245696
0.00174935
0.00258626
0.00192944
0.00105772
0.000510697
0.00123745
0.000648638
0.00266813
0.00208094
0.00270398
0.00220012
0.00140845
0.000793779
0.00156467
0.000940189
0.000188902
0.000106056
0.000263186
0.000117387
0.000211662
0.000412567
0.000179664
0.000367231
0.000353714
0.000146538
0.000456348
0.00019181
0.000161078
0.000327757
0.000156322
0.000295694
0.00270072
0.0022876
0.00266966
0.00234821
0.00170275
0.001083
0.0018224
0.00121895
0.00262485
0.00239016
0.00258124
0.00242376
0.00192622
0.00134664
0.00201908
0.00146633
0.000566756
0.000250629
0.000680917
0.000319856
0.000164845
0.000271943
0.000185191
0.000256642
0.00079547
0.000396083
0.000907842
0.00047585
0.000215146
0.000249147
0.000251904
0.000248091
0.000605257
0.000708213
0.000576388
0.000716058
0.0006845
0.000548508
0.00073413
0.000629217
0.000545965
0.000717835
0.000515418
0.000713766
0.000777616
0.000708143
0.000813397
0.000782051
0.000356009
0.000181942
0.000445513
0.00025376
9.38044e-05
0.000129426
0.000125463
0.00010906
0.000540585
0.000339081
0.000637096
0.000434148
0.000176465
0.000109541
0.000244864
0.000131993
0.000486025
0.000704341
0.000458735
0.000690198
0.000840312
0.00084784
0.000857632
0.000902786
0.000434046
0.000672012
0.000411976
0.000650444
0.000865083
0.000944761
0.000862866
0.000972424
0.000730417
0.000533826
0.000815829
0.00063208
0.000326428
0.000174567
0.000415027
0.000232532
0.000888966
0.000722583
0.000946235
0.000799381
0.000503286
0.000298837
0.000583443
0.000365022
0.00332987
0.00325168
0.00254541
0.00229161
0.00317936
0.00308822
0.00213462
0.00199375
0.001786
0.00144201
0.00111486
0.000782754
0.00123062
0.00106681
0.000585453
0.000449328
0.00297525
0.00284004
0.00184896
0.00169491
0.00268306
0.00250539
0.00153123
0.00135975
0.000922425
0.000787777
0.000346721
0.000266747
0.000660317
0.000540685
0.000205357
0.000161448
0.000592782
0.000344684
0.000252803
0.000123167
0.00021604
0.000146918
8.64003e-05
9.60485e-05
9.51907e-05
8.30869e-05
9.06593e-05
0.000167684
0.000130146
0.000203111
0.000267826
0.0003708
0.000113371
0.000105065
0.000133027
0.00018845
0.000117113
0.000146758
0.000257228
0.000335525
0.00028847
0.000379597
0.000469243
0.000559638
0.00047209
0.000562053
0.000639295
0.000705472
0.00230878
0.00209571
0.00118358
0.00100665
0.00186951
0.00163438
0.000833425
0.000668768
0.000431031
0.000334175
0.0001351
0.000126672
0.000253096
0.000190565
0.000136272
0.000163416
0.00139541
0.00115849
0.000517664
0.000384989
0.000930161
0.000717387
0.000275231
0.000305857
0.00014884
0.000129407
0.000206818
0.000206928
0.000127565
0.000128889
0.000192912
0.000169083
0.000191883
0.000250277
0.000419689
0.000505826
0.000319269
0.000395572
0.000589686
0.000631984
0.00064553
0.000718415
0.000755283
0.000787848
0.000765994
0.000794494
0.00080789
0.000819621
0.000417073
0.000415521
0.000650573
0.000647345
0.000393465
0.000354829
0.000624385
0.000584182
0.000806577
0.00080379
0.000825067
0.000824819
0.000787068
0.000757204
0.000818666
0.000806067
0.000188939
0.000310649
0.000330507
0.00044919
0.000422734
0.000517309
0.000534352
0.000589153
0.000459156
0.000535657
0.000533066
0.000545583
0.000567721
0.000567096
0.000517302
0.000464936
0.000593382
0.000651123
0.000618466
0.00062609
0.000690362
0.000710459
0.000614553
0.000580414
0.000543042
0.000502033
0.000399656
0.000313854
0.000436399
0.000376228
0.000240189
0.000182064
0.000532373
0.000480672
0.000461802
0.000366147
0.000404737
0.000321699
0.000270928
0.000181369
0.000347873
0.000242899
0.000231111
0.000156521
0.000161593
0.000122098
0.000136436
0.000162066
0.000228811
0.000156247
0.000122066
9.02067e-05
0.000104596
7.02048e-05
7.81398e-05
7.77626e-05
0.000118169
0.000137363
0.000215746
0.000279406
0.000167193
0.000198314
0.0003395
0.000388568
0.00071245
0.000708323
0.000545948
0.000517191
0.000703653
0.000701092
0.000496769
0.000485286
0.000326815
0.000289732
0.000138927
0.000108627
0.000264631
0.00025038
8.87313e-05
7.71457e-05
0.000701397
0.000704219
0.000482274
0.0004868
0.000708638
0.000713488
0.000497796
0.000514198
0.000245705
0.000249518
7.23468e-05
7.34329e-05
0.000261042
0.000279799
8.00924e-05
9.25217e-05
4.83476e-05
3.48223e-05
8.26652e-05
8.86433e-05
2.64853e-05
2.12462e-05
9.33439e-05
9.56438e-05
0.000225283
0.000245881
0.000424469
0.000448559
0.000259897
0.00026799
0.00046374
0.000472973
1.78851e-05
1.58783e-05
9.5111e-05
9.16754e-05
1.52865e-05
1.66914e-05
8.55075e-05
7.70453e-05
0.000270892
0.000269011
0.000478376
0.000480856
0.000262354
0.000250669
0.000480113
0.000474875
0.00402565
0.00422065
0.00401466
0.00419839
0.00406399
0.00363303
0.00393071
0.00338038
0.00397267
0.00417798
0.00391133
0.00415706
0.00388785
0.0032956
0.00389752
0.0033149
0.00304202
0.00246591
0.00274357
0.00225842
0.00213286
0.00230358
0.00219403
0.00282429
0.00265245
0.00224416
0.00268186
0.00230905
0.00236647
0.00329234
0.00250337
0.00352693
0.00383052
0.00412859
0.00372871
0.0040862
0.00393269
0.00339623
0.00397491
0.00351201
0.00360412
0.00402391
0.00345506
0.00393604
0.00400976
0.00364119
0.00402472
0.00376533
0.00278493
0.00241036
0.00293655
0.0025408
0.00257451
0.00352106
0.00260756
0.00335638
0.00311928
0.00270293
0.00331643
0.00289595
0.00264516
0.00313799
0.00272112
0.00295547
0.00324147
0.00517646
0.00439329
0.00707736
0.00826678
0.0125634
0.010949
0.0159486
0.00523453
0.0083089
0.00555742
0.00865431
0.012504
0.0176622
0.0127359
0.0175718
0.0179826
0.0242913
0.0218679
0.0283516
0.0311096
0.0379331
0.0349171
0.0425894
0.0234778
0.0295129
0.0227945
0.0301974
0.0374991
0.0446289
0.0374768
0.0438802
0.00539399
0.00820745
0.00490168
0.00722643
0.0118307
0.0159916
0.0101746
0.0145989
0.00427166
0.00601242
0.00367097
0.00497728
0.00873531
0.0122359
0.00692039
0.00947262
0.0220983
0.0286359
0.0197541
0.0252569
0.0350109
0.0405792
0.0306181
0.0352995
0.016334
0.0207328
0.0125122
0.0158229
0.0250439
0.0288313
0.01911
0.0220336
0.00328027
0.00381741
0.00307922
0.00366377
0.00400854
0.00386697
0.00395119
0.0039295
0.00285238
0.00347215
0.00260146
0.00324141
0.0038444
0.00393769
0.00368224
0.00387876
0.00350933
0.00311047
0.00367715
0.0033279
0.00285007
0.00286453
0.00302558
0.00288984
0.00379797
0.00352252
0.00385083
0.00372404
0.00328255
0.00305583
0.00353364
0.00330183
0.00232965
0.00297258
0.00204173
0.00266929
0.00346188
0.00374364
0.0031842
0.00335691
0.00174415
0.00233792
0.00144486
0.00161454
0.00254717
0.00276645
0.00181991
0.00204926
0.00379036
0.00376936
0.00349773
0.00358581
0.00367379
0.0035088
0.00360586
0.00355103
0.0029754
0.00315323
0.00228765
0.00251772
0.00328124
0.0033456
0.00272152
0.0028828
0.00321097
0.00396282
0.00293084
0.00322521
0.00517592
0.00684985
0.00382949
0.00476337
0.00289913
0.00287318
0.00306429
0.00286525
0.00303073
0.00340343
0.00274958
0.00275307
0.00891367
0.0112219
0.00599648
0.00744232
0.013564
0.0156876
0.0089622
0.0103804
0.00399021
0.0047502
0.00289281
0.00316012
0.00560288
0.00643663
0.00351823
0.00390602
0.00329203
0.00305163
0.00342469
0.00324056
0.00282168
0.00263559
0.00302069
0.00279164
0.00333973
0.0032657
0.00298944
0.00303546
0.00313412
0.00296242
0.00302204
0.00295741
0.00251875
0.00248221
0.00257933
0.00240392
0.00251903
0.00260487
0.00227597
0.00219503
0.00277183
0.00258363
0.00285544
0.00273341
0.00241578
0.00228068
0.00260941
0.00250005
0.00403513
0.00403928
0.0042304
0.0042247
0.00401098
0.00396258
0.00421875
0.00421126
0.00407267
0.00395376
0.00363995
0.00339755
0.00392335
0.00394492
0.00332117
0.00334899
0.00389401
0.0038036
0.00419551
0.00416518
0.00368938
0.00354941
0.00411412
0.00403641
0.00399191
0.00404593
0.00343973
0.00356595
0.0040924
0.00411847
0.00370638
0.00384212
0.00304667
0.00275339
0.00246802
0.00226034
0.00266563
0.00269922
0.00224435
0.00230905
0.00213234
0.00218834
0.00230063
0.00281207
0.00235467
0.00248781
0.00327092
0.00349953
0.00280841
0.00296834
0.0024131
0.00254955
0.00316132
0.00337007
0.00272067
0.00292493
0.00255896
0.00259611
0.00349208
0.00333038
0.00264151
0.00272815
0.00311895
0.00294645
0.00338217
0.00318686
0.00392658
0.00377997
0.00296364
0.00271399
0.00359327
0.00336492
0.00411244
0.00406378
0.0039551
0.00402796
0.00396364
0.00380557
0.0040447
0.0039918
0.00244089
0.002149
0.00309567
0.0027889
0.00184474
0.00153619
0.00245092
0.00170897
0.00358623
0.00330619
0.0038595
0.00347393
0.00266022
0.0019159
0.00287657
0.00214455
0.00357511
0.00375464
0.00315195
0.003382
0.00388574
0.00394645
0.00358813
0.00380425
0.00286955
0.00305794
0.0028674
0.00290675
0.00333078
0.00359671
0.00308759
0.00334771
0.00389552
0.00360606
0.00386046
0.00368207
0.00307929
0.00237942
0.00324762
0.00260297
0.00374858
0.0036874
0.00356639
0.00361629
0.00336328
0.00279739
0.00341325
0.00294698
0.00323651
0.0043763
0.00517012
0.00705789
0.00520696
0.00552329
0.0082793
0.00861931
0.00825985
0.0109297
0.0125568
0.015932
0.0124768
0.0127059
0.0176416
0.0175521
0.00535809
0.00486852
0.00817178
0.00719404
0.004245
0.00365352
0.00598626
0.00495872
0.0118021
0.0101502
0.0159759
0.0145901
0.0087172
0.00690806
0.0122324
0.00947252
0.0179771
0.0218566
0.0242878
0.0283474
0.0234672
0.022789
0.0295148
0.03021
0.0311086
0.0349214
0.0379351
0.0425993
0.0375141
0.0375045
0.0446511
0.0439167
0.0221016
0.0197648
0.0286589
0.0252876
0.016349
0.012528
0.0207667
0.0158553
0.0350503
0.0306654
0.0406284
0.0353572
0.0250938
0.0191568
0.0288916
0.0220902
0.0032042
0.00293613
0.00395266
0.00322403
0.00291711
0.00309457
0.0028814
0.00288289
0.00516881
0.00382739
0.00685129
0.00476538
0.00303388
0.00275838
0.00340603
0.00275702
0.00333301
0.00347341
0.00307795
0.00327373
0.00339202
0.00304045
0.00330282
0.00307282
0.00283624
0.00304038
0.00264179
0.00280059
0.00315732
0.00304629
0.00297378
0.00296995
0.00892728
0.00600624
0.0112489
0.00746152
0.0039959
0.00289543
0.00476116
0.00316396
0.013603
0.00899044
0.0157351
0.0104154
0.00561957
0.00352454
0.00645793
0.00391474
0.00251991
0.0025805
0.00248105
0.00240009
0.00277387
0.00285829
0.00257897
0.00272891
0.00251741
0.00226935
0.00260363
0.00218715
0.00240681
0.0025999
0.00226934
0.00248766
0.00333889
0.00255402
0.00327495
0.00231418
0.00179325
0.00112047
0.00146044
0.000796145
0.00321533
0.00216857
0.00313596
0.0020373
0.00125737
0.000603643
0.00109983
0.000470271
0.000596728
0.000255202
0.000353146
0.000127366
9.62878e-05
9.0778e-05
8.40054e-05
0.000166437
0.000226194
9.00193e-05
0.000156934
9.76814e-05
0.000129177
0.000264277
0.000199403
0.000364671
0.00303378
0.00190053
0.00290823
0.00175288
0.000959939
0.000368715
0.000828038
0.000288231
0.00275957
0.00159385
0.00258865
0.00142518
0.000701567
0.000224846
0.00058115
0.000177535
0.000121844
0.000131703
0.000110798
0.000183423
0.000281539
0.000460498
0.000369142
0.000548326
0.000119053
0.000247915
0.000143996
0.000321507
0.000457936
0.000625515
0.000544157
0.000689386
0.000188433
0.000329713
0.00030832
0.000446698
0.000458354
0.000532451
0.000533658
0.000544415
0.000418382
0.000530539
0.00051114
0.000584525
0.000565232
0.000516339
0.0005647
0.000464621
0.000532035
0.000461732
0.000480351
0.000366407
0.000347971
0.000231218
0.000243281
0.000156446
0.000404979
0.000271668
0.000322647
0.000182158
0.000161761
0.000135544
0.000121454
0.000159638
0.000585675
0.000613437
0.000642124
0.000620929
0.000541096
0.00040014
0.000500681
0.000315195
0.000680274
0.000609408
0.000699471
0.000575606
0.000435921
0.000242048
0.000376252
0.000184143
0.000230248
0.000122423
0.000157796
8.97632e-05
0.000116178
0.000211232
0.000133719
0.000272581
0.000105974
7.67403e-05
7.1277e-05
7.54743e-05
0.000161889
0.000330499
0.000191614
0.000377822
0.00239699
0.00124985
0.0021869
0.00107172
0.000468953
0.000146498
0.000367865
0.00013227
0.00196151
0.000895257
0.0017249
0.000725373
0.000281001
0.000135199
0.000211348
0.000155115
0.000183695
0.000400742
0.000236171
0.000481967
0.000624011
0.000737151
0.000693592
0.000767484
0.000299044
0.000561215
0.000369368
0.000599243
0.000737593
0.000785011
0.000762609
0.000794016
0.00148209
0.000567197
0.00123902
0.000425852
0.000161461
0.000191105
0.000133207
0.00018893
0.00100237
0.00030617
0.000779342
0.000339278
0.000131473
0.0001744
0.000134701
0.000151837
0.000387
0.000614237
0.000382888
0.000608319
0.000771478
0.000796705
0.000766001
0.000793916
0.000359771
0.000583821
0.000321684
0.000543427
0.000747387
0.000785707
0.000716671
0.00077179
0.000700687
0.000541041
0.000695345
0.000511704
0.000326948
0.000140998
0.000289607
0.000110533
0.000689008
0.000490253
0.000684418
0.000477371
0.000263929
9.03663e-05
0.000248843
7.84341e-05
4.91165e-05
7.97284e-05
3.53824e-05
8.53953e-05
0.000217638
0.000412596
0.000237828
0.000436236
2.69714e-05
9.01433e-05
2.17894e-05
9.28123e-05
0.000251971
0.000451611
0.000260656
0.000461584
0.000682492
0.000472716
0.000683093
0.000475507
0.000243147
7.32312e-05
0.00024584
7.38713e-05
0.000685533
0.000484848
0.000688873
0.000499853
0.000256241
8.00628e-05
0.000273979
9.20335e-05
1.85838e-05
9.2894e-05
1.67834e-05
9.02214e-05
0.000264506
0.000468141
0.0002638
0.000472044
1.6399e-05
8.4861e-05
1.79727e-05
7.71516e-05
0.000258404
0.000472837
0.000247929
0.000469096
