0.010363
0.0137575
0.00878582
0.0124585
0.0161984
0.0172085
0.0155132
0.0173249
0.00708492
0.010666
0.00557451
0.0086946
0.0140228
0.0164206
0.0120014
0.0146934
0.0166466
0.014717
0.0175814
0.0163265
0.0118904
0.00876345
0.0139129
0.0108818
0.0173982
0.0168436
0.0161933
0.016251
0.0149785
0.0122617
0.0149577
0.0126744
0.00452172
0.00686527
0.00408747
0.00543559
0.00978297
0.0124513
0.00768768
0.0100399
0.00429108
0.00454743
0.00500705
0.00420325
0.00595605
0.00776778
0.00470679
0.00584893
0.0142161
0.0147164
0.0118019
0.0125356
0.0139252
0.0121025
0.012117
0.0107123
0.00929447
0.0100563
0.00697667
0.00760205
0.00985941
0.00879138
0.00749037
0.00667
0.00589714
0.00368134
0.00780751
0.00515248
0.00226136
0.00154434
0.00317234
0.00189522
0.00924468
0.006424
0.00990293
0.0071406
0.00413109
0.00248912
0.00476122
0.00295446
0.00127774
0.00116973
0.00117369
0.000785007
0.00100826
0.000735747
0.000539902
0.000389798
0.001441
0.000830167
0.00173395
0.000793884
0.000405319
0.000276125
0.000391041
0.000327687
0.00968383
0.0071416
0.00868432
0.00646314
0.00486239
0.00307449
0.00442437
0.00264564
0.00714408
0.00529602
0.00537026
0.00395546
0.00354938
0.00218277
0.00269588
0.00174494
0.0016046
0.000787022
0.00144818
0.000803217
0.000460452
0.000485492
0.00058578
0.000701617
0.00129064
0.000843831
0.00116108
0.00091378
0.000747319
0.00093954
0.000931018
0.00117263
0.00599499
0.00427629
0.00695544
0.00455116
0.00392712
0.00437474
0.00349611
0.00331928
0.00759895
0.0047842
0.00771224
0.00476842
0.00323325
0.00257416
0.00295871
0.00200119
0.0050263
0.00541477
0.00350423
0.00362724
0.00529186
0.00464781
0.00344975
0.00291799
0.00237466
0.00226924
0.00154823
0.00120714
0.00195379
0.00162806
0.000958633
0.000793405
0.00720647
0.00438706
0.00613671
0.00364251
0.00254871
0.00148663
0.0019714
0.00108931
0.0046878
0.00265336
0.0031296
0.00175026
0.00146709
0.000702094
0.000855553
0.000344577
0.000923539
0.000575641
0.000536843
0.000242283
0.000396279
0.000355161
0.000148822
0.000211005
0.000269996
9.45753e-05
0.000125912
0.000120251
0.000111623
0.000266726
0.000260403
0.000489852
0.00370259
0.00275478
0.00233193
0.00179074
0.00195053
0.00138489
0.00137787
0.00113964
0.0013334
0.00111626
0.000716405
0.000734162
0.0010103
0.00102394
0.000844043
0.00102783
0.0010847
0.00101687
0.00107648
0.00115169
0.00112542
0.00138173
0.0013188
0.00155265
0.00113706
0.00130895
0.00125128
0.00147059
0.0014973
0.00167425
0.00164416
0.00173743
0.00043061
0.000601764
0.000389887
0.000648541
0.000842607
0.00111909
0.00094902
0.00125136
0.000512372
0.000805465
0.000760913
0.00103324
0.00110593
0.00137657
0.00127308
0.00145338
0.00138993
0.00161085
0.00151456
0.00169855
0.00174024
0.00173512
0.00176465
0.00166278
0.00158389
0.00169866
0.0015545
0.00156478
0.00169293
0.00151762
0.0014794
0.00128305
0.00397084
0.00321978
0.00553785
0.00380392
0.00396918
0.00590313
0.00389447
0.0055676
0.00759991
0.00477494
0.00997032
0.00605685
0.00403323
0.00523513
0.00439544
0.00496879
0.00849832
0.011144
0.00830501
0.0114333
0.0132731
0.0144759
0.0142688
0.0162541
0.00789918
0.0113191
0.00736014
0.0108609
0.0147181
0.0174053
0.0146288
0.0178613
0.0123646
0.0074858
0.0144428
0.00883291
0.00492412
0.00479364
0.0055004
0.00468756
0.0158726
0.00984809
0.0163975
0.0103156
0.00596839
0.00458836
0.00617452
0.00441605
0.00676275
0.0101476
0.00615835
0.00927458
0.0140698
0.0176417
0.0131487
0.0168368
0.00556702
0.00832434
0.0049832
0.00735751
0.0119858
0.0155795
0.0106935
0.014017
0.0145721
0.0136291
0.0170575
0.0166164
0.0119245
0.00986633
0.0151201
0.0129397
0.0189014
0.0190094
0.0199452
0.0205546
0.0178193
0.0156511
0.0196785
0.0175799
0.00788862
0.00634735
0.0105236
0.00828551
0.00543922
0.00516016
0.00650879
0.00496281
0.012954
0.0101873
0.0147003
0.0102163
0.00651869
0.00461044
0.00630655
0.00412858
0.020138
0.0211184
0.0195285
0.0206931
0.02048
0.0184324
0.0201544
0.0177472
0.0182407
0.019379
0.0164413
0.0175417
0.0188601
0.0164733
0.0169554
0.0147089
0.0144946
0.00990221
0.0138067
0.00927033
0.00589006
0.00355278
0.0053055
0.00292592
0.0126882
0.00837466
0.0112297
0.00729195
0.00460405
0.00229447
0.00384622
0.00170408
0.0158963
0.0101071
0.0144154
0.00921727
0.00601075
0.00410314
0.00544844
0.00362272
0.0121643
0.00777037
0.00947405
0.0059946
0.00455151
0.00300371
0.00346337
0.00232674
0.00439162
0.00641434
0.00378643
0.005523
0.00936433
0.0122875
0.00806788
0.0102426
0.00318471
0.00470828
0.00262774
0.00353195
0.00639957
0.00806906
0.00477057
0.00598342
0.0067263
0.00416902
0.00427222
0.00255757
0.00236988
0.00170092
0.00144939
0.00105919
0.00236128
0.00134914
0.00110001
0.000551455
0.000746129
0.00060372
0.000354915
0.000408486
0.00183822
0.00247889
0.00119573
0.00165369
0.00334333
0.00417834
0.00224032
0.00279317
0.000775476
0.00112255
0.000617231
0.000900468
0.00152577
0.00189272
0.00119526
0.00145678
0.0143215
0.015183
0.0118615
0.0125133
0.0145969
0.0125974
0.0119861
0.0103128
0.00929657
0.0097736
0.0068665
0.00720506
0.00934601
0.00804118
0.00689613
0.00596056
0.00955063
0.00611313
0.00778693
0.00493338
0.00309522
0.00119523
0.00241015
0.000799232
0.00607647
0.0038421
0.00454522
0.00291399
0.00183975
0.000535323
0.00141772
0.000409147
0.00478155
0.00501749
0.00319114
0.00335921
0.00482559
0.00422167
0.00326809
0.00292993
0.00216015
0.0022928
0.00165654
0.00177933
0.00227961
0.0021286
0.00181986
0.00177973
0.00329486
0.00220225
0.00239251
0.00173425
0.00115992
0.000412804
0.00106374
0.000526578
0.00186137
0.00150857
0.00166509
0.00148502
0.00110868
0.000722441
0.00125
0.000968985
0.00679003
0.00827743
0.00949013
0.0116926
0.009747
0.0110757
0.0137961
0.0156359
0.0135013
0.0164316
0.0185378
0.0221918
0.0191479
0.0214457
0.0254848
0.0281732
0.0121381
0.0128208
0.0170536
0.0179146
0.0130397
0.0127575
0.0181271
0.0176594
0.0231368
0.0240696
0.030042
0.0309274
0.0241498
0.0233574
0.0307387
0.0294749
0.0240359
0.0283865
0.0292449
0.0342307
0.0322045
0.0352069
0.0385005
0.0417308
0.0333717
0.0388845
0.0357447
0.0416225
0.0435032
0.046862
0.046451
0.0498223
0.0371539
0.0378739
0.0436579
0.0441059
0.0372859
0.0354159
0.0430093
0.0404284
0.048674
0.0487613
0.0514266
0.0510864
0.0470789
0.0437287
0.0487819
0.044663
0.0119974
0.0108488
0.0165528
0.0149243
0.00946155
0.00802557
0.0129567
0.0108748
0.0217582
0.0195033
0.0272342
0.0242099
0.0168154
0.0139601
0.0206727
0.0169362
0.00673809
0.00576239
0.00890783
0.00724571
0.00518717
0.00499707
0.00599664
0.00494482
0.0112045
0.00876962
0.0133115
0.00881281
0.00595124
0.00467423
0.00567829
0.00421801
0.032403
0.0284923
0.0365527
0.0316882
0.024011
0.0193289
0.0262279
0.0194648
0.038959
0.0331462
0.0390449
0.0321819
0.0260527
0.0188865
0.0248033
0.0176024
0.0134599
0.00855737
0.0131536
0.00802457
0.00520725
0.00362469
0.00458189
0.00295212
0.0124032
0.00725318
0.0112478
0.00629549
0.00385485
0.00226048
0.00308204
0.00160585
0.0359606
0.041989
0.0339759
0.0399018
0.0468529
0.0501045
0.0446012
0.0475918
0.0301194
0.0356762
0.0250222
0.0299599
0.0400045
0.0425982
0.0337286
0.0358124
0.051413
0.0506047
0.0485271
0.0472415
0.0476893
0.0428713
0.0437801
0.0386227
0.043103
0.0413689
0.0358613
0.032879
0.0373304
0.0323762
0.0291209
0.0248293
0.0194791
0.0235949
0.0142757
0.0174362
0.0266571
0.0281579
0.0197041
0.0182786
0.0100233
0.0121741
0.00704097
0.00652419
0.0112572
0.0100993
0.00584732
0.00505602
0.0260564
0.0233734
0.0164637
0.0143759
0.020279
0.0169506
0.0121343
0.0098541
0.00877628
0.0073658
0.00420005
0.00333042
0.00594272
0.00457571
0.00249622
0.00174151
0.0367079
0.0297301
0.0325221
0.0259327
0.0225194
0.0156738
0.0193375
0.0132165
0.0268434
0.021094
0.0202616
0.0156776
0.0154951
0.0104009
0.011329
0.00745043
0.00975332
0.00521318
0.00801022
0.00407344
0.00231762
0.00103497
0.00160997
0.000581723
0.00613143
0.00294604
0.00425068
0.00190172
0.000999097
0.000265532
0.000515665
9.15946e-05
0.0135634
0.0102839
0.00764174
0.00559098
0.00726383
0.00463792
0.0037807
0.00227409
0.00332421
0.00223604
0.00110236
0.000604446
0.00134602
0.000675563
0.000261552
7.50875e-05
0.00252201
0.00101257
0.00111978
0.00035563
0.000181916
5.27806e-05
1.53589e-05
0.000133031
0.000233836
2.12902e-05
3.48345e-05
0.000121156
3.87313e-05
0.000313306
0.000309972
0.000594366
0.00100854
0.0012326
0.00103589
0.00110967
0.00168195
0.00242795
0.00128853
0.00162994
0.00140549
0.00145386
0.00202862
0.00217213
0.00151895
0.00163536
0.00227339
0.00233809
0.00349764
0.0048489
0.00217252
0.00291357
0.00635971
0.00783862
0.00379417
0.00469947
0.00183855
0.0021468
0.00238673
0.00244261
0.00254532
0.00297957
0.00251728
0.00259992
0.00280835
0.00315313
0.0036531
0.00428087
0.00342117
0.00358547
0.00481544
0.00519505
0.00448504
0.00544444
0.00524273
0.00654315
0.00630509
0.00696957
0.00774325
0.00870987
0.00364279
0.00360835
0.00538651
0.00538694
0.00350451
0.00334877
0.005217
0.00490937
0.00737082
0.00748094
0.0093402
0.00957739
0.00730969
0.00689503
0.00941484
0.00888979
0.00905722
0.00979865
0.00547704
0.00597062
0.00991007
0.00934391
0.00606063
0.00569924
0.00336232
0.00359436
0.00265591
0.00263655
0.00359333
0.00332158
0.0024971
0.00221697
0.00817481
0.00658532
0.00492824
0.00387269
0.00482333
0.00314347
0.00271101
0.00175048
0.00280281
0.00212093
0.00181381
0.00134074
0.00151902
0.00087536
0.000845364
0.00040508
0.00314641
0.00289129
0.00449782
0.00401117
0.0025745
0.00219699
0.00347393
0.00262152
0.00629043
0.00555392
0.00807047
0.00687762
0.00445643
0.00328152
0.00545024
0.00397639
0.00160559
0.00103985
0.00178667
0.00107086
0.000562223
0.000234351
0.000549376
0.000270606
0.00218459
0.00129593
0.00264147
0.00159578
0.000701211
0.000435872
0.000930231
0.000666572
0.00587919
0.00748828
0.00635836
0.00820389
0.00899335
0.0102262
0.00993495
0.0113501
0.00665341
0.00862942
0.006749
0.0087257
0.0104712
0.0119473
0.0105395
0.0119338
0.0110484
0.0113734
0.0122773
0.0126028
0.0111765
0.0104932
0.0122874
0.0114864
0.0128569
0.0130651
0.0126866
0.012571
0.0126232
0.0116095
0.0119017
0.0107536
0.00664722
0.00848351
0.00637368
0.00793091
0.0101226
0.0112903
0.00925795
0.00942242
0.0059781
0.00713367
0.00552387
0.00554354
0.00725077
0.00705053
0.00531068
0.00485792
0.0113863
0.0109946
0.0091858
0.00858483
0.0101649
0.00898961
0.00769124
0.00660126
0.00656558
0.00585575
0.00423845
0.00351832
0.00499919
0.00408209
0.002768
0.00205417
0.00941032
0.0079279
0.0101644
0.00847577
0.00623122
0.00453012
0.00661848
0.00480626
0.0101363
0.00836707
0.00925101
0.00755158
0.00649526
0.00471906
0.0058269
0.00424243
0.00302526
0.00187474
0.00323712
0.00206289
0.00116794
0.000912234
0.00136401
0.00113387
0.00321549
0.00211582
0.00293844
0.00201341
0.00148448
0.00130258
0.00150969
0.00139859
0.00759158
0.00610843
0.00542311
0.00426424
0.00467683
0.00341798
0.00321981
0.00236383
0.00318839
0.00239084
0.00143289
0.000944627
0.00174418
0.00128128
0.000611743
0.000438353
0.00242581
0.00175855
0.00174359
0.00137769
0.00143236
0.00141073
0.00125629
0.0013361
0.00101232
0.00092677
0.000412373
0.00050938
0.000997371
0.00117904
0.000698092
0.000948082
0.00365394
0.00512058
0.00541124
0.0075539
0.00745651
0.010256
0.0106865
0.0143279
0.00733248
0.0101141
0.00918414
0.0125176
0.0140087
0.0184816
0.017086
0.022327
0.0129133
0.0147849
0.0177828
0.0203087
0.0153673
0.0144433
0.0213027
0.0204619
0.0227671
0.0260346
0.027428
0.031488
0.027582
0.0270082
0.0337123
0.0335958
0.0107401
0.0144961
0.0118156
0.0158345
0.0196007
0.0254906
0.0212966
0.0276639
0.0122909
0.016398
0.0121247
0.0161451
0.0220111
0.0286425
0.0216929
0.0283494
0.031334
0.0361831
0.0341153
0.0396846
0.0391656
0.0396742
0.0434439
0.0446952
0.035511
0.0416631
0.0354006
0.041937
0.0461437
0.0481834
0.0470076
0.0497988
0.0121567
0.0089937
0.0178757
0.0140229
0.00567471
0.00298215
0.00967415
0.00571966
0.0243237
0.0199672
0.0310503
0.0264431
0.0147236
0.00955842
0.0205346
0.0143266
0.00156929
0.0017985
0.00296592
0.00195023
0.00365094
0.00673086
0.00281958
0.00530336
0.00540881
0.00297968
0.00885373
0.00496795
0.00259421
0.00413449
0.00316527
0.00349544
0.0375098
0.0329419
0.0431253
0.0388876
0.0266696
0.019688
0.0325877
0.025173
0.0473623
0.0437092
0.0498
0.0469183
0.0377127
0.0302359
0.0415117
0.0343313
0.0130888
0.00783927
0.0177476
0.0113542
0.00459116
0.003563
0.00677174
0.00437501
0.022352
0.0151349
0.0263801
0.0187197
0.00945357
0.00581476
0.0122672
0.00762868
0.0113539
0.0151283
0.0100843
0.0134809
0.0204025
0.0268402
0.0182989
0.0242904
0.00847221
0.0113953
0.00670179
0.00909617
0.0156146
0.0209689
0.0126237
0.0172014
0.0338161
0.0404935
0.0309334
0.0374874
0.0459578
0.0493818
0.0431038
0.0469743
0.027046
0.0332177
0.0225259
0.0280887
0.0387264
0.0428125
0.0332406
0.0372963
0.00496052
0.00681183
0.00341631
0.00474846
0.00960835
0.0133318
0.00682765
0.00968365
0.00219891
0.00306943
0.00138789
0.00188203
0.00449321
0.00653028
0.00275252
0.00407252
0.0177786
0.02256
0.0131987
0.017095
0.0271439
0.0309377
0.0209587
0.0243005
0.00913054
0.0121134
0.00584012
0.00795388
0.0151763
0.0179359
0.0102099
0.0123259
0.050189
0.048177
0.0484854
0.0473466
0.0435715
0.0369936
0.0436594
0.0379086
0.0448569
0.0445072
0.0396603
0.0399479
0.041758
0.0369619
0.0380694
0.0342582
0.0293455
0.0216365
0.0308744
0.0234819
0.0147901
0.00947423
0.0166226
0.010988
0.0307669
0.023991
0.0290302
0.0230833
0.0174617
0.0118591
0.017158
0.0118931
0.0333956
0.034128
0.0266431
0.0276173
0.0329874
0.0301067
0.0270436
0.0249771
0.0199952
0.021025
0.0139903
0.0149265
0.0208372
0.019432
0.0149572
0.0140495
0.0258788
0.020878
0.0217019
0.0176747
0.0157438
0.0110514
0.0134277
0.00945909
0.0170042
0.0139029
0.0123283
0.010051
0.0105562
0.00737871
0.00754954
0.0051553
0.00472486
0.00483448
0.00444215
0.00464614
0.00567635
0.00745866
0.00575119
0.00799071
0.00413101
0.00436591
0.00383071
0.00399004
0.00562232
0.00817361
0.00522857
0.00787327
0.010194
0.0136589
0.0113851
0.0156915
0.0174102
0.0208606
0.0204133
0.0248758
0.0120708
0.0170789
0.0120294
0.0175015
0.022676
0.0281221
0.0237758
0.0300789
0.00360454
0.00356731
0.00354447
0.00320891
0.00459125
0.00706638
0.00383166
0.00586822
0.00375662
0.00307265
0.00433102
0.00332473
0.00315688
0.00452344
0.00281603
0.00336039
0.0111738
0.016789
0.00959123
0.0149761
0.023445
0.0303738
0.0216414
0.0288678
0.00754344
0.0123141
0.00542309
0.00923471
0.0185748
0.0256996
0.0146832
0.0212765
0.0233982
0.0245226
0.0283528
0.0302188
0.0239639
0.0217556
0.0300897
0.0279178
0.0325898
0.0353286
0.0355051
0.0391885
0.0358256
0.0339264
0.040482
0.0391032
0.0182404
0.014008
0.0240176
0.019014
0.00977734
0.00625034
0.0137232
0.00899306
0.0298833
0.0243205
0.0352092
0.0293834
0.0181202
0.0122544
0.022534
0.0157238
0.0366241
0.0412359
0.0357002
0.0411169
0.0434333
0.0427934
0.0442309
0.0444782
0.0327764
0.038764
0.0281943
0.0344239
0.042694
0.0438745
0.0389564
0.0409975
0.0393498
0.0336059
0.04175
0.0364345
0.0264506
0.0189954
0.0293573
0.0216308
0.0420471
0.0374597
0.0401465
0.0364979
0.0308349
0.0232379
0.0306405
0.02355
0.00530558
0.00408975
0.00663689
0.00540381
0.00303764
0.00271878
0.00396498
0.00286828
0.00818936
0.00718573
0.00974917
0.00923648
0.00560692
0.00393844
0.00781887
0.005878
0.00367588
0.00627158
0.00270533
0.00395544
0.0105585
0.0162112
0.00683787
0.0112144
0.00278251
0.00270645
0.00398235
0.00274775
0.00408297
0.00696633
0.00267279
0.00399381
0.0110624
0.0112696
0.0118891
0.012967
0.0103202
0.00845456
0.0127457
0.0112958
0.0120606
0.0140461
0.0115241
0.0143235
0.0147185
0.0139626
0.0159291
0.0160377
0.00616179
0.0040599
0.00898534
0.00638642
0.00273417
0.00257772
0.00412443
0.00271197
0.0119921
0.0092887
0.0146888
0.0122371
0.00646912
0.00412052
0.00924525
0.00632757
0.0225456
0.0286282
0.0165733
0.0221072
0.0334566
0.0361715
0.0268702
0.0299822
0.0110415
0.0156654
0.006601
0.0100421
0.0199957
0.023179
0.0136176
0.0165453
0.0362502
0.0336349
0.0308307
0.0292201
0.0287623
0.0224846
0.0254305
0.0201679
0.0245525
0.0238085
0.018155
0.0180611
0.0210792
0.0169155
0.0162669
0.0131717
0.00367868
0.00578708
0.00241291
0.00317538
0.00837325
0.0107645
0.00465302
0.00630949
0.00264847
0.00218067
0.00398955
0.00250856
0.00255276
0.00337908
0.00188765
0.00189293
0.0123242
0.0126257
0.00757702
0.00802387
0.0115711
0.00942151
0.00748181
0.00609478
0.00418623
0.00456869
0.00215986
0.00233261
0.0043185
0.00348756
0.00219056
0.00171917
0.00256731
0.00309175
0.00320546
0.00355081
0.00347115
0.0036645
0.00369579
0.00361517
0.00370385
0.00386946
0.00406728
0.00408522
0.00380073
0.00348663
0.00384826
0.00335611
0.00365913
0.00347303
0.00331837
0.00285069
0.00315223
0.00276419
0.00228863
0.00173057
0.00295752
0.00228532
0.00265757
0.00184988
0.0015765
0.000959534
0.00106933
0.000475015
0.0043117
0.00423583
0.00445111
0.00434853
0.00389037
0.00328023
0.00396276
0.00329586
0.00449109
0.00443555
0.00442842
0.00449342
0.00408385
0.0034247
0.00425493
0.00367592
0.00246811
0.0015738
0.00241707
0.00146331
0.000762664
0.000225769
0.000626551
0.000130459
0.00252318
0.00152426
0.00280319
0.00177636
0.000640702
0.000127132
0.000818538
0.000209676
0.00238881
0.00210861
0.00128476
0.00105667
0.0019995
0.00212306
0.00113728
0.00159337
0.000569339
0.000531258
0.000229155
0.000476821
0.000946597
0.00188122
0.00132815
0.00284478
0.00252062
0.00320926
0.0024606
0.00373907
0.0041795
0.00539442
0.00539164
0.0073445
0.00335777
0.0053518
0.00503144
0.00783283
0.00779127
0.0105596
0.0111354
0.0147732
0.000155168
0.000718628
0.000200442
0.00103234
0.0020374
0.00416968
0.00276454
0.00545707
0.000245048
0.00122478
0.000247295
0.00120161
0.00323057
0.00633383
0.00327255
0.00655533
0.00710104
0.0107422
0.00907994
0.013511
0.0149331
0.0194533
0.0185429
0.0238972
0.0104976
0.0155736
0.0110192
0.0165018
0.0213108
0.0273743
0.0227181
0.0292831
0.00425576
0.0045055
0.00397074
0.00444777
0.0044604
0.00404461
0.00466887
0.00450751
0.00358802
0.00429845
0.00315161
0.00405056
0.00483766
0.00502009
0.0049221
0.00551911
0.00326991
0.0022529
0.00392263
0.00298682
0.00121134
0.000439352
0.00189169
0.000928364
0.00473523
0.00398924
0.00564887
0.00522998
0.00292301
0.00180168
0.00432634
0.00315004
0.00274317
0.00372471
0.00248166
0.00337762
0.00488907
0.00593278
0.00473142
0.00619709
0.00251055
0.00310159
0.00297192
0.0030115
0.00447798
0.00627355
0.004194
0.00616203
0.00657461
0.00662861
0.00740704
0.0080608
0.00605684
0.0049895
0.00799818
0.00724019
0.00804589
0.00937908
0.00841892
0.0104422
0.0099776
0.00973072
0.0117973
0.0122269
0.000265715
0.00100269
0.000445873
0.000795415
0.00289444
0.00607345
0.00227033
0.00505232
0.000976913
0.00082903
0.00203159
0.00136357
0.00169981
0.00382824
0.00152852
0.0028249
0.0105314
0.0161084
0.00917254
0.0144932
0.0225007
0.0292857
0.0207115
0.0273854
0.00730027
0.0120204
0.00540466
0.00923299
0.0177094
0.0239275
0.0140766
0.0195223
0.0037079
0.00259377
0.00598922
0.00458883
0.00205559
0.00244651
0.0034525
0.00297629
0.00873386
0.00726365
0.0116961
0.0103879
0.00571365
0.00450527
0.0086499
0.00690765
0.00398978
0.00672524
0.0034532
0.00500584
0.010486
0.0149093
0.00754961
0.0107931
0.00399306
0.00438385
0.00556376
0.00490445
0.00568526
0.00769358
0.00503307
0.0058438
0.000205387
0.000181379
0.000109102
0.000156334
0.000212143
0.000281466
0.000254873
0.000394521
3.48452e-05
0.000106934
7.412e-05
9.70629e-05
0.000236281
0.000422684
0.000189515
0.000365852
0.00037277
0.000469342
0.00055622
0.000714487
0.000557768
0.000631421
0.000844904
0.000932282
0.000647014
0.000875403
0.000610835
0.000884861
0.00107051
0.00120453
0.00113832
0.00132916
0.000332184
0.000218264
0.000888307
0.00055585
0.000188736
0.000276562
0.000321556
0.000239261
0.00175507
0.00114953
0.00285353
0.00196472
0.000651738
0.000336041
0.0011874
0.00061287
0.000474889
0.000742542
0.000314354
0.000508745
0.00102054
0.00125342
0.000758454
0.00099767
0.000222178
0.00027915
0.000274747
0.000151438
0.000442843
0.000641594
0.000182943
0.00029673
0.000691211
0.000742692
0.000975313
0.000985479
0.000790871
0.000835737
0.000980754
0.00097712
0.00126848
0.00127424
0.00143705
0.00146939
0.00124868
0.00122263
0.00145731
0.00144348
0.000871699
0.000892691
0.000981996
0.000993061
0.000902068
0.000923651
0.00100364
0.00101282
0.00121918
0.00124623
0.00146658
0.00154798
0.00129624
0.00135348
0.0016856
0.00185675
0.00140811
0.00148424
0.00118154
0.00130068
0.0015129
0.00154478
0.00138325
0.00148429
0.000821844
0.000966217
0.000434991
0.000575303
0.00109883
0.00127654
0.000738693
0.000982849
0.00163202
0.00181004
0.00166629
0.00197723
0.00208547
0.00243401
0.00243323
0.00301116
0.00156909
0.00203455
0.00138258
0.00200344
0.00269744
0.00353646
0.00287639
0.0039811
0.0040175
0.00288864
0.00503151
0.00375767
0.00186925
0.00106091
0.00258723
0.00162285
0.0056956
0.00441202
0.00589969
0.00476307
0.00322425
0.00222537
0.00371529
0.00282905
0.000507694
0.000197285
0.000912822
0.000451339
7.64725e-05
7.62868e-05
0.00019245
7.37825e-05
0.00145961
0.000922522
0.00213533
0.00162433
0.000573593
0.000358197
0.00125727
0.00098658
0.00568466
0.00485225
0.00526789
0.00487954
0.00410273
0.00347883
0.0045668
0.00433514
0.00501944
0.00518635
0.00538791
0.00618951
0.00541495
0.00566889
0.00702447
0.00781293
0.0029895
0.00261246
0.00416427
0.00401313
0.00230593
0.00202738
0.00383235
0.00358193
0.00589391
0.00602583
0.0084647
0.00889062
0.00600426
0.0057898
0.00901791
0.00880738
0.000139604
0.000243177
4.33664e-05
8.18119e-05
0.000407616
0.000692216
0.000213117
0.000500457
0.000232831
0.000186301
0.000779046
0.000635144
0.000250244
0.00049497
0.000598214
0.000749411
0.00117595
0.00192997
0.00102752
0.00187024
0.00298959
0.00433389
0.0030667
0.00459389
0.0010107
0.0018785
0.00118816
0.00200208
0.00313857
0.00476483
0.00323388
0.00485424
0.00175438
0.00150152
0.00324998
0.00286686
0.00132737
0.00132766
0.00250939
0.00229136
0.00538091
0.00482523
0.00826859
0.0074685
0.00422054
0.00370219
0.00652891
0.00561036
0.00161416
0.00228331
0.00234033
0.00276428
0.0033816
0.00487734
0.00361566
0.00486219
0.00341702
0.00348777
0.00488276
0.00448716
0.00397556
0.00485024
0.00449663
0.0048865
0.000997591
0.000602042
0.000646115
0.000455054
0.000378709
0.000326568
0.000495852
0.000711303
0.000466843
0.000538491
0.000443809
0.000748841
0.0008118
0.00122011
0.00118134
0.00168881
0.000466996
0.000807056
0.00109222
0.00162502
0.00133222
0.0020048
0.00228078
0.0030136
0.00174488
0.00236741
0.00225938
0.00288149
0.00305769
0.00377273
0.00353393
0.00418428
0.000571717
0.00102867
0.000823813
0.00132004
0.00151814
0.00202036
0.00175506
0.00215455
0.0011515
0.00156283
0.00149145
0.00170315
0.00184215
0.00206532
0.00175426
0.00176536
0.00254253
0.00308838
0.0025514
0.00296726
0.00365122
0.00421292
0.00341075
0.00387804
0.00228964
0.00255051
0.00180795
0.0019201
0.00286753
0.00324805
0.00212356
0.00243188
0.00276625
0.00354291
0.00376322
0.0044609
0.00425479
0.00482672
0.00503776
0.00543451
0.00445915
0.00505844
0.00479095
0.00530747
0.00551424
0.00578059
0.00568853
0.00589671
0.00520035
0.00534572
0.00561156
0.00555782
0.00527049
0.00502501
0.00529693
0.00478386
0.00583004
0.00566051
0.00590925
0.00561384
0.00514212
0.00452418
0.00502006
0.00431605
0.00474538
0.00521369
0.00435397
0.00481395
0.00558079
0.00581301
0.00522707
0.00566227
0.00368828
0.00417356
0.00285159
0.00346953
0.00481485
0.0054169
0.00424495
0.00506247
0.0058861
0.00560975
0.00585484
0.00569137
0.0050035
0.00422925
0.00514557
0.00433447
0.00581897
0.00586559
0.00574654
0.00609992
0.00547224
0.00469184
0.00597082
0.00533011
0.00177714
0.00170538
0.00195324
0.00156445
0.00150035
0.0013107
0.00113119
0.000802131
0.00199075
0.00131638
0.00190075
0.00104467
0.000743047
0.000381415
0.000475755
0.000221544
0.00120301
0.00120108
0.000612284
0.000550731
0.00131727
0.00156643
0.00060884
0.000750621
0.000203496
0.00014303
0.000158778
0.000203331
0.000130028
0.000201281
0.000208865
0.000153808
0.00174431
0.000880861
0.00163639
0.00099771
0.000504083
0.000510731
0.00102204
0.00164983
0.00174191
0.00159453
0.00226288
0.00307107
0.00243864
0.00369818
0.00462789
0.00662106
0.000811629
0.00106487
0.00239143
0.00291805
0.0010913
0.000852939
0.00298208
0.00252227
0.00498341
0.00586101
0.00854824
0.00987035
0.00600708
0.00532495
0.0101779
0.00932286
0.00197252
0.00263272
0.00110786
0.00174524
0.00352946
0.00457071
0.0026983
0.00392026
0.000427266
0.000930463
0.000140449
0.000361963
0.00182078
0.00312085
0.00102157
0.0022358
0.00557986
0.00632409
0.00525272
0.00644053
0.0065808
0.00622453
0.00719409
0.00728375
0.00471481
0.00634573
0.00395917
0.00596026
0.00766963
0.00835359
0.00786242
0.00924089
0.000485394
0.000259286
0.00170179
0.000867747
0.000485358
0.00139638
0.000445631
0.000801734
0.00399226
0.00242308
0.00747784
0.00510579
0.00115598
0.000700257
0.00284683
0.00135273
0.00304624
0.00526111
0.00211636
0.00430744
0.00766182
0.00975404
0.00702951
0.00975089
0.00138438
0.00325052
0.00111329
0.00232188
0.00602606
0.00918158
0.00481661
0.00811365
0.00150255
0.00182135
0.000872383
0.000927145
0.00202646
0.00208322
0.000950573
0.000899372
0.000423846
0.000325678
0.000187736
6.27139e-05
0.000256545
0.000189413
6.91531e-06
5.71679e-06
0.00197913
0.00172616
0.000768137
0.000574968
0.00136056
0.000938555
0.000355359
0.000155885
0.000118417
5.4849e-05
4.94432e-05
0.000137746
2.17851e-05
4.80817e-05
0.000277654
0.000479638
0.000192749
0.000135394
0.000446865
0.000512424
0.000170731
0.00028482
0.000673762
0.000909777
0.000930993
0.00113358
0.00159841
0.0019137
0.00141235
0.00173772
0.00226594
0.00262213
0.000459468
0.000680964
0.0011917
0.00149395
0.000941379
0.00123698
0.00179803
0.00209285
0.0020727
0.00238451
0.00294329
0.00319596
0.00265034
0.00285909
0.0033592
0.00342721
0.000528777
0.000202501
2.67073e-05
1.34383e-05
2.309e-05
3.60783e-05
0.000149371
0.000449153
0.00016203
0.000385245
0.000753211
0.00110286
0.000727511
0.00118329
0.00152496
0.00200598
0.000261358
0.000688672
0.000904873
0.00148525
0.00127725
0.00195988
0.00213819
0.00271214
0.00173046
0.00233148
0.00252254
0.00299835
0.00286857
0.00334867
0.00345534
0.00383537
0.0015657
0.00192455
0.00237345
0.0026391
0.00230762
0.00270491
0.0028913
0.00311858
0.00301061
0.00311366
0.00340883
0.00331242
0.00317002
0.00326328
0.00320793
0.00316936
0.00307844
0.00347315
0.00339104
0.00371246
0.00385515
0.00416082
0.00404658
0.00432254
0.00343878
0.00370455
0.00325114
0.00347119
0.00402411
0.00432029
0.00379923
0.00415629
0.00237875
0.00275196
0.00318603
0.00354531
0.00311296
0.00343515
0.00384909
0.00408924
0.00393005
0.00420437
0.00453
0.00466969
0.00440572
0.00455548
0.00476588
0.00487558
0.00368585
0.00383693
0.00424685
0.00430157
0.00387266
0.00379335
0.00424069
0.00409506
0.00465171
0.00467765
0.0050092
0.00521094
0.00467587
0.00455792
0.00539026
0.00545547
0.00492871
0.004926
0.00510548
0.00501195
0.0049747
0.00516459
0.0051419
0.00555906
0.00508554
0.00502319
0.00494403
0.00495689
0.00531035
0.0060969
0.00549947
0.00676742
0.00553726
0.00605913
0.00632499
0.00737391
0.00661785
0.00703623
0.00850896
0.00945543
0.00743067
0.0091845
0.00878455
0.0113684
0.0110731
0.012717
0.0141489
0.0166399
0.00361621
0.00336534
0.00382539
0.00346573
0.00311335
0.00293971
0.00307796
0.00274953
0.00429328
0.00387843
0.0053095
0.00489985
0.00336014
0.00283701
0.00425281
0.00347985
0.0029141
0.00307438
0.00257451
0.00262425
0.00340742
0.00384156
0.00291825
0.00340646
0.00243774
0.0022831
0.00275351
0.00226017
0.0024444
0.00291246
0.00214429
0.00246097
0.0071359
0.00680315
0.00994027
0.00977481
0.00603573
0.00495608
0.00891645
0.00749142
0.0137368
0.0138541
0.0183477
0.0188889
0.0129699
0.011201
0.0180896
0.0160368
0.0037864
0.00279269
0.00577165
0.00411174
0.00221362
0.00219427
0.00286252
0.00228424
0.0088614
0.00639576
0.0130713
0.00971925
0.00427876
0.00290719
0.00658185
0.00420657
0.00238427
0.0030848
0.00299225
0.00405896
0.00358682
0.00391284
0.00472831
0.00506197
0.00333961
0.00449849
0.00344072
0.00448848
0.00518198
0.00542222
0.00502279
0.00506539
0.00405502
0.00401623
0.00509711
0.0048739
0.00381399
0.00347822
0.00444292
0.00386378
0.00528121
0.00483661
0.00470155
0.00404475
0.00417672
0.00339418
0.00321877
0.00234432
0.00329209
0.00410317
0.00291677
0.00343494
0.00439009
0.00419062
0.00345278
0.00304126
0.00236807
0.00259861
0.00172426
0.00172314
0.00239312
0.00186194
0.00138905
0.000867779
0.00362004
0.00282612
0.00234915
0.00155257
0.00196126
0.00116273
0.000820038
0.000288087
0.00118328
0.000549246
0.000355018
4.06062e-05
0.000126336
2.89596e-05
6.72171e-05
0.000504983
0.00304706
0.00256197
0.00320023
0.00251415
0.00206311
0.00158553
0.00186005
0.00128071
0.00257818
0.001807
0.00152753
0.000850861
0.00114165
0.000621897
0.000366985
9.63584e-05
0.00115663
0.000794941
0.000804641
0.000445442
0.00051026
0.00030472
0.000202984
0.000119717
0.000264845
6.62051e-05
2.86223e-05
5.87888e-05
1.37466e-05
7.24132e-06
8.52746e-05
8.37954e-05
0.000538154
0.000155943
4.54786e-05
0.000125468
4.11181e-05
0.000176486
0.000505871
0.000965235
0.000305049
0.000932935
0.0013417
0.00240656
0.00170333
0.00239999
0.00345072
0.00427511
0.000376127
0.000519103
0.00133849
0.001516
0.000546817
0.000466325
0.0014657
0.00122697
0.00286062
0.00299721
0.00473794
0.00477497
0.00280468
0.00235143
0.0044048
0.00371815
0.00107857
0.000937313
0.000526469
0.000353614
0.000594875
0.000219947
0.000123177
8.1364e-06
0.000152083
5.31133e-05
1.57502e-05
7.39178e-05
3.11299e-05
0.000241912
0.000313478
0.000852471
7.57117e-06
0.000123585
0.000181432
0.00076344
0.000664906
0.00163883
0.0017876
0.00314716
0.000815408
0.00180964
0.00176174
0.00295354
0.00312978
0.00459971
0.00428614
0.00564447
0.000144389
0.000405103
0.000526245
0.000987349
0.000903819
0.00170528
0.00168463
0.00255085
0.00111099
0.00172067
0.0018155
0.00247333
0.0024621
0.00318418
0.00306913
0.00354618
0.00273065
0.00385392
0.00345547
0.00433549
0.00499246
0.00606697
0.00513936
0.00582683
0.00383133
0.0043663
0.00386966
0.00402988
0.00477075
0.00504299
0.00404129
0.00393826
0.0029135
0.0042409
0.0046242
0.00602804
0.00541239
0.00625301
0.00718045
0.00793837
0.00606451
0.00736939
0.00691148
0.00797592
0.00837527
0.00897515
0.00874205
0.00914025
0.00664661
0.00655172
0.00821338
0.00798414
0.00600499
0.00511062
0.00729875
0.00626526
0.00910856
0.00877099
0.00913693
0.00874116
0.00801558
0.00694521
0.00800562
0.0070204
0.00700367
0.0077374
0.00636796
0.00674225
0.00821615
0.00840669
0.00693875
0.00695735
0.00519417
0.00524418
0.00376864
0.00358676
0.00521802
0.00514341
0.00344678
0.0033973
0.00830015
0.00791592
0.00681052
0.00652456
0.00730189
0.00652967
0.00613897
0.0057028
0.00504926
0.00496462
0.00347726
0.00371308
0.00491714
0.00493033
0.00411647
0.00468253
0.00155792
0.000956175
0.00193969
0.00103551
0.000533637
0.000324995
0.000421641
0.000178423
0.00223591
0.00108616
0.0024279
0.0010903
0.000317918
8.06933e-05
0.00022862
4.44914e-05
0.000346614
0.000583771
0.000301148
0.000739416
0.000989471
0.00149085
0.00140505
0.00218373
0.00036326
0.00107474
0.000526337
0.0015442
0.00207391
0.00319267
0.00290001
0.00436664
0.00250686
0.00104816
0.00247531
0.000967846
0.000157462
6.42486e-05
0.000106489
0.000124953
0.00234598
0.00086105
0.00213912
0.000740018
7.50585e-05
0.000206166
5.94e-05
0.000285489
0.000755139
0.00206527
0.00100302
0.00254676
0.00374346
0.00550687
0.00446188
0.00642105
0.00122208
0.00290723
0.00137086
0.00308742
0.00493869
0.00696193
0.00510084
0.00704993
0.00200125
0.00243634
0.00295226
0.0035995
0.00273218
0.00286286
0.00404821
0.00427451
0.00426155
0.00513688
0.00572468
0.00679701
0.00572641
0.00601
0.00747844
0.00775665
0.00285471
0.00279469
0.00432173
0.00430567
0.00283035
0.00316003
0.00440912
0.0044211
0.00605167
0.00600006
0.00772091
0.00707184
0.00556399
0.00586514
0.0067403
0.00730391
0.00709
0.0082874
0.00812413
0.00934817
0.00898693
0.00918984
0.00998325
0.0099055
0.00865929
0.00980516
0.00861947
0.00966524
0.0103196
0.0101484
0.0100618
0.00986623
0.00867133
0.00800579
0.00931458
0.00866277
0.00777343
0.00854565
0.00851436
0.00942664
0.0095448
0.00893581
0.00930712
0.00876922
0.00885425
0.00983481
0.00874036
0.00972319
0.00187909
0.000615504
0.00159097
0.000495664
5.3224e-05
0.000342368
4.93174e-05
0.000362011
0.00129784
0.000385947
0.00101888
0.000289828
4.17505e-05
0.000338751
2.81608e-05
0.000278118
0.00142073
0.00305833
0.00136062
0.00282475
0.00492747
0.00668127
0.00445027
0.00578245
0.00119947
0.00242416
0.000965647
0.00164294
0.00349144
0.00453128
0.00240566
0.00317816
0.000768579
0.000210077
0.000556823
0.000150106
1.14986e-05
0.000196969
6.45623e-07
4.70156e-05
0.000389721
0.000114888
0.000270639
0.000161831
3.59905e-05
3.37052e-05
0.000123179
0.000134875
0.000502298
0.000923055
0.000192293
0.000421996
0.00142473
0.00196291
0.000720278
0.00106478
9.41207e-05
0.00020859
0.000182941
0.000257169
0.000370013
0.000569296
0.000350672
0.000459322
0.00802287
0.00890104
0.00688841
0.00763548
0.00923716
0.0090768
0.00795396
0.00786989
0.00542379
0.00606363
0.00387611
0.00441758
0.00638579
0.00639508
0.00474245
0.00483733
0.00861044
0.00816839
0.00752881
0.00719936
0.00818226
0.0091129
0.00724868
0.00808662
0.00619102
0.00597858
0.00475988
0.00465424
0.00605584
0.0067741
0.00474914
0.0053325
0.00248246
0.00292307
0.00142374
0.00175726
0.00323228
0.00338486
0.00202423
0.00219553
0.000792118
0.00101718
0.000579779
0.000706351
0.00121788
0.0013691
0.000828501
0.000931609
0.00340462
0.00338216
0.00227163
0.00230018
0.00348081
0.00392393
0.00238696
0.00269345
0.00145935
0.00150583
0.00100283
0.00104184
0.00156761
0.00175064
0.0010735
0.00115732
