  6.9000000e+001  0.0000000e+000  3.1325301e-002
  9.0000000e+001  3.2000000e+001  2.0722892e-002
  1.1100000e+002  0.0000000e+000  3.1325301e-002
  9.0000000e+001  3.2800000e+002  2.0722892e-002
  3.2000000e+001  0.0000000e+000  2.0722892e-002
  5.5000000e+001  4.5000000e+001  3.1325301e-002
  9.0000000e+001  6.9000000e+001  2.0722892e-002
  1.2500000e+002  4.5000000e+001  3.1325301e-002
  1.4800000e+002  0.0000000e+000  2.0722892e-002
  1.2500000e+002  3.1500000e+002  3.1325301e-002
  9.0000000e+001  2.9100000e+002  2.0722892e-002
  5.5000000e+001  3.1500000e+002  3.1325301e-002
  2.1000000e+001  9.1000000e+001  3.1325301e-002
  5.8000000e+001  9.0000000e+001  3.1325301e-002
  1.2100000e+002  9.0000000e+001  3.1325301e-002
  1.5900000e+002  8.9000000e+001  3.1325301e-002
  6.9000000e+001  1.8000000e+002  3.1325301e-002
  9.0000000e+001  2.1200000e+002  2.0722892e-002
  1.1100000e+002  1.8000000e+002  3.1325301e-002
  9.0000000e+001  1.4800000e+002  2.0722892e-002
  3.2000000e+001  1.8000000e+002  2.0722892e-002
  5.5000000e+001  2.2500000e+002  3.1325301e-002
  9.0000000e+001  2.4900000e+002  2.0722892e-002
  1.2500000e+002  2.2500000e+002  3.1325301e-002
  1.4800000e+002  1.8000000e+002  2.0722892e-002
  1.2500000e+002  1.3500000e+002  3.1325301e-002
  9.0000000e+001  1.1100000e+002  2.0722892e-002
  5.5000000e+001  1.3500000e+002  3.1325301e-002
  2.1000000e+001  2.6900000e+002  3.1325301e-002
  5.8000000e+001  2.7000000e+002  3.1325301e-002
  1.2200000e+002  2.7000000e+002  3.1325301e-002
  1.5900000e+002  2.7100000e+002  3.1325301e-002
