0.00394717
0.00532001
0.00392429
0.00526655
0.00638376
0.00683211
0.00643175
0.00705281
0.00397903
0.0051579
0.00418147
0.00506457
0.00631721
0.00703961
0.00609888
0.00683076
0.0065332
0.00555094
0.00693326
0.00608207
0.00411592
0.00255585
0.00469476
0.00308869
0.00706863
0.00635669
0.00695272
0.0063636
0.00505732
0.00346679
0.00517193
0.00364494
0.00457598
0.00504899
0.00516429
0.00514719
0.00584333
0.00648525
0.00560711
0.00606701
0.00589599
0.00535521
0.0066702
0.00562443
0.00542073
0.00562812
0.0052791
0.00519611
0.00662872
0.00612608
0.00615696
0.00569321
0.00504191
0.00360988
0.00470117
0.00337977
0.00559907
0.00512621
0.00500361
0.00448391
0.00420342
0.00299686
0.00360886
0.00251611
0.00120549
0.00032054
0.0016116
0.000548764
1.77831e-05
0.000255921
5.3328e-05
0.000117258
0.00193331
0.000759581
0.00212019
0.000905362
0.00012506
4.82649e-05
0.000194633
2.39375e-05
0.000860162
0.00158155
0.000588556
0.0012276
0.00217283
0.00245856
0.00178461
0.00227731
0.000397327
0.000943491
0.000276236
0.000955591
0.00171891
0.00205025
0.00160621
0.00179794
0.00214785
0.000956926
0.00202086
0.000908843
0.000233818
2.13012e-05
0.0002312
3.22138e-05
0.00176865
0.000778321
0.0014367
0.000580842
0.00015956
5.08881e-05
0.000116832
7.53773e-05
0.00031544
0.000933188
0.000340222
0.000882442
0.00145967
0.00154155
0.00129505
0.0013009
0.000351482
0.00081307
0.000353786
0.000737475
0.00112916
0.00109272
0.000978349
0.000929431
0.00734967
0.00586849
0.00778603
0.00598155
0.00514208
0.00476924
0.00494601
0.00432198
0.00785162
0.00586481
0.00747144
0.00545529
0.00462436
0.00381989
0.00413257
0.00323999
0.00439762
0.00381204
0.00378702
0.00313991
0.00297256
0.00199396
0.00233865
0.00152425
0.00316627
0.00248548
0.0025342
0.00189993
0.0017862
0.001142
0.00133125
0.000853035
0.00664752
0.00474985
0.00546914
0.00381711
0.00347036
0.00259055
0.00269419
0.00194434
0.00410413
0.00279212
0.00277079
0.00181681
0.00192194
0.00135113
0.0012413
0.000948549
0.00193521
0.00140526
0.00140474
0.00102429
0.000983578
0.000668564
0.000768842
0.000616573
0.00100317
0.000816614
0.000854807
0.000890849
0.000744399
0.000751099
0.00100187
0.00114586
0.001095
0.000432323
0.000822326
0.000332658
0.000100858
0.000106902
0.000111832
0.000150727
0.000621663
0.000283384
0.000497943
0.000291552
0.000154378
0.000216856
0.000239717
0.000320573
0.000355306
0.000669702
0.0003675
0.000624348
0.000857152
0.000818342
0.000777188
0.000761493
0.000404645
0.000615566
0.000483297
0.000656283
0.000746482
0.000755994
0.000769219
0.000794863
0.000464855
0.000374103
0.000552212
0.000561589
0.000387699
0.00048268
0.000627653
0.000728575
0.000809414
0.000896942
0.00129134
0.00141526
0.00099391
0.00108217
0.00150133
0.00153911
0.000621657
0.000757635
0.000838109
0.000928173
0.000845946
0.000868214
0.000974031
0.000964692
0.00114537
0.00117004
0.0015236
0.00145521
0.00114696
0.00107294
0.00133901
0.0011802
0.000882942
0.00158419
0.000697163
0.00142473
0.00241615
0.00327907
0.00236169
0.00340944
0.000456303
0.00113796
0.000217018
0.000775881
0.00210551
0.00327065
0.00168529
0.00287638
0.00405889
0.00465156
0.00444019
0.00532234
0.00498732
0.00504899
0.00594824
0.00625805
0.00450052
0.00564279
0.00422097
0.00555483
0.0065561
0.00713898
0.00670957
0.00754606
4.64532e-05
0.00041406
5.68561e-06
0.000134198
0.00117623
0.00229163
0.00067433
0.0016183
0.000133501
4.22146e-06
0.000435216
6.14965e-05
0.000273907
0.000971669
4.56613e-05
0.000454071
0.00364646
0.00507445
0.00287538
0.00428722
0.00638893
0.00741955
0.00565861
0.00679643
0.00203658
0.00332722
0.00125984
0.00234567
0.00464972
0.00579773
0.00352809
0.00459724
0.00487968
0.00457708
0.0062538
0.00599984
0.00427444
0.00411084
0.00560854
0.00521339
0.00735054
0.00721765
0.00798141
0.00800335
0.00682635
0.00629871
0.00766799
0.00708132
0.0041964
0.00457919
0.0049346
0.0048446
0.00522171
0.00599391
0.00494168
0.00568287
0.00575975
0.00530194
0.00636824
0.00535934
0.00489628
0.00526292
0.0047158
0.00475489
0.00804525
0.00821574
0.00754778
0.00782839
0.00795615
0.00735381
0.00763427
0.00700746
0.00659484
0.00692934
0.0053626
0.0058069
0.00688034
0.00635287
0.00584585
0.00546046
0.00632144
0.00521962
0.00600695
0.00489326
0.00440837
0.00418431
0.0039935
0.00358059
0.00545603
0.00440969
0.00472534
0.00381389
0.00350069
0.00297541
0.00296654
0.00240048
0.000879772
0.000303746
0.00140593
0.000689976
2.11028e-05
0.000132994
0.00018724
2.88849e-05
0.00193579
0.0011508
0.00239172
0.00160495
0.000492339
0.000115243
0.000860502
0.000329901
0.00064801
0.00147785
0.000257775
0.000816852
0.00245685
0.00338055
0.00156339
0.0022014
9.32125e-05
0.000400101
0.000112658
0.000159381
0.00077958
0.00123336
0.000330525
0.000596497
0.0027123
0.00197732
0.00286305
0.00221369
0.00121056
0.000593539
0.00147408
0.00109435
0.00283989
0.00228897
0.0026653
0.00235956
0.00189794
0.00151972
0.00202761
0.00169579
0.000362338
0.000242444
0.000779248
0.000549471
0.000235849
0.000329195
0.000414463
0.000371809
0.0011819
0.000905507
0.00138793
0.00112331
0.000703245
0.000578851
0.000915165
0.000769942
0.00406617
0.00451853
0.00278722
0.0032253
0.00465075
0.004428
0.00343434
0.00336786
0.00169363
0.00208444
0.000911694
0.00122027
0.00233437
0.00239164
0.00146429
0.00159397
0.00389001
0.00316097
0.00303419
0.0025096
0.00243078
0.00188488
0.0019319
0.00145257
0.00224048
0.00191507
0.00157945
0.00142307
0.001503
0.00112024
0.00116848
0.000895972
0.000495402
0.000697089
0.000408013
0.000500508
0.000891544
0.00103703
0.000620705
0.000737814
0.00052737
0.000536381
0.000687305
0.000660854
0.000587985
0.000661318
0.000679436
0.000728877
0.00110026
0.00106503
0.000823206
0.000855416
0.00094211
0.00077887
0.000827051
0.000759894
0.000735343
0.000791776
0.000793961
0.00086045
0.000818899
0.000824488
0.000917271
0.000963132
0.00580485
0.00732529
0.00832776
0.010599
0.00898471
0.010599
0.0129263
0.015087
0.0118348
0.0148517
0.0161187
0.019828
0.0178203
0.0204797
0.0233651
0.0264322
0.0119704
0.0129171
0.0168522
0.0180184
0.0133029
0.0130615
0.0184388
0.0180481
0.022571
0.0238711
0.0287426
0.0300577
0.0242262
0.0235772
0.0302211
0.0291858
0.0207716
0.0250747
0.0252427
0.0300014
0.0290662
0.0324138
0.0342995
0.0377739
0.0289352
0.033979
0.0313205
0.0364571
0.038412
0.0418455
0.0408417
0.0440663
0.0348066
0.035995
0.0400947
0.041007
0.0358266
0.0342734
0.0403696
0.0381815
0.0439364
0.044432
0.045782
0.0457464
0.04321
0.0403062
0.0438657
0.0402224
0.0122096
0.0108465
0.0168764
0.0150477
0.00913904
0.00729429
0.0127635
0.0102724
0.021973
0.019569
0.0270269
0.0239379
0.0166074
0.0133841
0.0202087
0.0161885
0.00552486
0.00401376
0.00783185
0.00566839
0.0028856
0.00218972
0.00394437
0.00217902
0.0102056
0.00734494
0.0122374
0.00733603
0.0039323
0.00210388
0.00378113
0.00197523
0.0314442
0.0275789
0.0345942
0.0299029
0.0230227
0.0181844
0.0245162
0.0178852
0.0359242
0.0304239
0.0350829
0.0287545
0.0237102
0.016896
0.0219382
0.0152958
0.0121672
0.00706228
0.0116478
0.00655048
0.00350807
0.00180863
0.00314053
0.0016222
0.0107235
0.00584664
0.00947147
0.00501073
0.00271275
0.00143438
0.00226189
0.00126179
0.0320468
0.0370756
0.031014
0.0357415
0.0412307
0.0440929
0.0395034
0.0418788
0.0283971
0.0326537
0.0246108
0.0282659
0.0358909
0.0376971
0.0308908
0.0320952
0.0453159
0.0446776
0.0425343
0.0412783
0.0421229
0.0377919
0.0381059
0.0334031
0.0377628
0.0359386
0.0316057
0.0286842
0.0321665
0.0276275
0.0251199
0.0211479
0.0202215
0.0231936
0.0158273
0.0180875
0.0251688
0.0257904
0.0194246
0.0178152
0.0119345
0.0135018
0.00886045
0.00818096
0.0123896
0.0110693
0.00736917
0.0064701
0.023589
0.0209032
0.0158755
0.0137247
0.0179035
0.014762
0.0114805
0.00925316
0.00961918
0.00811486
0.00552864
0.00458824
0.0066268
0.00521778
0.00368939
0.00286807
0.0321869
0.0258567
0.0278911
0.0219947
0.0193464
0.0132166
0.0161611
0.0108318
0.0226408
0.0175431
0.0170122
0.0129536
0.0126707
0.00834218
0.0092001
0.00595853
0.007994
0.00411055
0.00640917
0.0032151
0.00182415
0.00111741
0.0014312
0.0010094
0.00484057
0.00238858
0.00340727
0.00168529
0.00110743
0.000940477
0.000868299
0.00090812
0.0116446
0.00870473
0.00714223
0.00523325
0.0060786
0.00388315
0.00359653
0.00228676
0.00394119
0.0028397
0.00215417
0.00157007
0.00194456
0.00127547
0.00112954
0.00083727
0.00221446
0.00114604
0.00134404
0.000796085
0.000719784
0.000905329
0.000659424
0.000922049
0.000841505
0.000643524
0.000689015
0.000672783
0.000679162
0.000947314
0.000771791
0.000975791
0.000888491
0.000986479
0.00101581
0.000812401
0.00143152
0.00228539
0.000815854
0.00110914
0.00152287
0.00114987
0.00230998
0.00189631
0.000856083
0.000734618
0.00145243
0.00107167
0.00352055
0.00501165
0.00170998
0.00255682
0.00655238
0.00789564
0.0035158
0.0044089
0.000836073
0.00115082
0.000825318
0.000743046
0.0016081
0.0020935
0.000805988
0.000955106
0.00324633
0.00290578
0.00418685
0.00400829
0.00244766
0.00195715
0.00364869
0.00317842
0.00499078
0.00503174
0.00554029
0.00582426
0.00485193
0.00450211
0.00586971
0.00570474
0.00151494
0.00117741
0.00267773
0.00221784
0.000965439
0.000865306
0.00184708
0.00158601
0.00405389
0.00358271
0.00538594
0.00498397
0.0031527
0.00280746
0.00456825
0.00419475
0.00880828
0.00912649
0.00505691
0.00532568
0.00879658
0.00788873
0.00516226
0.00460944
0.00248067
0.0026683
0.00111271
0.00121023
0.00261059
0.00233113
0.00121253
0.0011299
0.00657885
0.00510249
0.00379332
0.00288657
0.00369403
0.00252984
0.00205897
0.00158735
0.00191441
0.00147738
0.00101238
0.000980456
0.0012645
0.00108321
0.000941854
0.000905615
0.000841203
0.000854329
0.00143217
0.00137137
0.000880944
0.000921671
0.00138957
0.00133242
0.00256846
0.00243948
0.00389939
0.00358727
0.00224611
0.00206458
0.00325833
0.00292544
0.000938715
0.0009542
0.00128934
0.00125217
0.000963148
0.000951635
0.00120712
0.00113244
0.00189564
0.00173383
0.00259671
0.00227404
0.00156661
0.00137554
0.00195281
0.00162487
0.00575717
0.00627449
0.00561539
0.00632731
0.00655471
0.00660177
0.00681944
0.00707131
0.00514738
0.00599233
0.0044414
0.00534254
0.00664746
0.00706884
0.00609396
0.00662993
0.00645265
0.00616606
0.00709747
0.00693933
0.00580775
0.0054366
0.00665197
0.00635111
0.00724717
0.00720314
0.00691725
0.00686856
0.00702143
0.00672345
0.00671204
0.00645267
0.00362863
0.00450165
0.00285926
0.0036199
0.00527362
0.00585912
0.00433613
0.00441839
0.00226992
0.00284079
0.00194749
0.0019666
0.00290282
0.0029354
0.0019547
0.00191801
0.00590693
0.00587362
0.00445049
0.00443302
0.00576025
0.00556938
0.00436715
0.00425437
0.00294114
0.00292316
0.00186434
0.00180202
0.00288448
0.00282747
0.00173867
0.00168021
0.0050831
0.00466907
0.00595119
0.00547032
0.00421401
0.00373621
0.00492854
0.00434653
0.00632088
0.00582859
0.00609809
0.0056583
0.00526392
0.00464601
0.00514541
0.00457339
0.00325095
0.0027691
0.00374424
0.00313982
0.00229688
0.00183959
0.00254965
0.00199228
0.00399514
0.00333234
0.00395804
0.00331742
0.00268019
0.00206706
0.00267356
0.0020578
0.0053049
0.00497182
0.00409624
0.00389417
0.00457613
0.0041248
0.00364934
0.00336262
0.00275352
0.00266275
0.00163016
0.00158931
0.00255399
0.00242482
0.00155577
0.00152541
0.00362588
0.00308917
0.00303442
0.00266468
0.00252821
0.00196668
0.00225307
0.0018026
0.00227149
0.00208829
0.00149258
0.00145079
0.00186497
0.00157852
0.00139251
0.00130022
0.00369158
0.00447817
0.00480264
0.00623295
0.00607064
0.00820615
0.00852739
0.0113519
0.00612401
0.0082017
0.00749638
0.0101824
0.0111918
0.0147036
0.0138242
0.0179907
0.0104436
0.0122791
0.0141962
0.0164942
0.0132771
0.0131822
0.0177598
0.0177044
0.0181692
0.0209665
0.0220695
0.0253906
0.0225585
0.022617
0.027368
0.0276282
0.00874305
0.0119576
0.00969743
0.0133245
0.0161691
0.0209226
0.0179864
0.0232229
0.010228
0.0141219
0.0102571
0.0142527
0.019083
0.0246628
0.0193372
0.0250909
0.0255771
0.0294249
0.0283803
0.032727
0.0318352
0.0323866
0.0355948
0.0365148
0.0302132
0.034994
0.0308889
0.0359995
0.0383104
0.0396503
0.0397155
0.0414897
0.0119838
0.00991845
0.0163068
0.0138199
0.00741076
0.00496895
0.0107115
0.00755622
0.0210987
0.0182583
0.0260947
0.0230081
0.0145922
0.0107302
0.0188767
0.0143693
0.00306272
0.00201409
0.00490485
0.00316286
0.00192783
0.00267731
0.00250726
0.0028603
0.00729762
0.00478365
0.0101748
0.0068611
0.00344457
0.00326428
0.0047661
0.00394466
0.0309594
0.0277647
0.0353168
0.0321688
0.0233039
0.0182665
0.0275469
0.0221403
0.0387899
0.0358433
0.0410457
0.0384373
0.0312441
0.0256613
0.0340419
0.0284889
0.0133887
0.00930716
0.016714
0.0119583
0.0064386
0.00491341
0.0083603
0.00612532
0.0198669
0.0145864
0.0225359
0.0169228
0.010364
0.00747425
0.012234
0.00880196
0.00977148
0.013696
0.00882321
0.0125098
0.0187154
0.0244533
0.0172766
0.0228015
0.00752109
0.0108226
0.00601487
0.0088159
0.0151649
0.020288
0.0125918
0.0171483
0.0303248
0.0356247
0.0285552
0.0338761
0.0396494
0.0418286
0.0380811
0.0405921
0.0257302
0.0308887
0.0220993
0.0269138
0.0351186
0.0378498
0.0310003
0.0338137
0.0044746
0.00670097
0.00306819
0.00469217
0.00981024
0.0136733
0.00708415
0.010176
0.00194043
0.00298145
0.00119602
0.00171671
0.00465803
0.00695555
0.00273
0.00426501
0.0179839
0.0222914
0.0137408
0.0174129
0.0260709
0.0288177
0.0207434
0.0232811
0.00972206
0.0126771
0.00623711
0.00844711
0.0154531
0.0176623
0.0106096
0.0124063
0.0418391
0.0396723
0.0410485
0.0393825
0.0356401
0.030316
0.0358357
0.0309143
0.0386979
0.037543
0.0349608
0.0342807
0.034557
0.0301715
0.0318806
0.0281156
0.0244233
0.0186946
0.0252893
0.0196658
0.0137349
0.00991996
0.0146493
0.0106412
0.0249921
0.0196785
0.0235171
0.018685
0.014817
0.0108165
0.014169
0.010368
0.0301455
0.0298661
0.0246619
0.0246845
0.0280306
0.0249202
0.0233552
0.0208878
0.0189754
0.0191922
0.0135528
0.0138621
0.0182869
0.0164148
0.0132888
0.0119405
0.020988
0.0167643
0.0176575
0.0141195
0.0127483
0.00931299
0.0107124
0.00777038
0.0138774
0.0110537
0.0100517
0.00792705
0.00831516
0.00594817
0.00586918
0.00411053
0.000192832
0.000136593
0.000231452
0.000149867
0.000103045
0.00010585
9.15813e-05
7.75628e-05
0.000293277
0.000184094
0.000391585
0.00025386
9.40912e-05
5.32559e-05
0.000124255
4.31733e-05
0.000151607
0.000234485
0.000121574
0.000222341
0.000334554
0.000421423
0.000359757
0.000497456
8.53259e-05
0.000196962
4.73537e-05
0.00015556
0.000371
0.000567078
0.000357993
0.000613865
0.000540062
0.000376211
0.000750974
0.000569357
0.000200119
6.32361e-05
0.00034372
0.00013592
0.00103261
0.000850119
0.00138614
0.00123005
0.000579096
0.000289396
0.000928307
0.000554176
1.8134e-05
0.000100347
1.64466e-05
4.22659e-05
0.000313052
0.00062035
0.000235986
0.000573538
7.012e-05
3.63941e-06
0.000214044
1.81799e-05
0.000138673
0.000471141
4.74963e-05
0.000326539
0.000462924
0.000436635
0.000592043
0.000606846
0.00034071
0.000200238
0.000526262
0.000366117
0.000730647
0.000808576
0.000859156
0.00102334
0.000767138
0.000607015
0.00105083
0.000921052
6.63756e-05
7.46391e-06
0.000176217
3.33364e-05
9.36501e-05
0.000378593
2.54987e-05
0.000230981
0.000370356
0.000136935
0.000661026
0.000346074
9.32007e-06
9.00714e-05
8.73727e-05
8.6051e-06
0.000952444
0.0012224
0.000985243
0.00137117
0.00135048
0.00128936
0.00162731
0.00167573
0.000939445
0.00143669
0.000811339
0.00139655
0.0018373
0.00203122
0.0019407
0.00230323
0.00104308
0.000673639
0.00149021
0.00111004
0.000292556
3.85861e-05
0.000637195
0.000216916
0.00195646
0.00162073
0.00238334
0.00215014
0.00110598
0.000553605
0.00165558
0.0010262
0.00180255
0.00171079
0.00226079
0.00227983
0.00140576
0.000957198
0.00201197
0.00151423
0.00272826
0.00290827
0.00316465
0.00355196
0.00272852
0.00222238
0.00351611
0.00305491
0.000484917
0.000127315
0.000913199
0.000372753
2.04423e-06
0.000170432
4.93762e-05
4.77682e-05
0.00151385
0.000786456
0.00227823
0.00138031
0.000234432
9.83404e-06
0.000588523
0.000102856
0.00352903
0.00415694
0.00378945
0.00466853
0.00431722
0.00396047
0.00506364
0.004868
0.00393266
0.00504288
0.00397152
0.00525776
0.0056881
0.00569688
0.00613737
0.00637082
0.0031697
0.00213834
0.00412493
0.00301403
0.0011188
0.000355775
0.00180171
0.000770466
0.00506148
0.00393428
0.00589071
0.00480998
0.00258287
0.00131737
0.003384
0.00193823
0.000616414
0.0012466
0.000389685
0.00100508
0.00191214
0.0024468
0.00174833
0.00243545
0.000180591
0.000711108
4.30699e-05
0.000417609
0.00147079
0.00226809
0.00112251
0.00197011
0.00271125
0.00263158
0.00289226
0.00300073
0.00222153
0.00158235
0.0027309
0.00214996
0.00290084
0.00320923
0.00273947
0.00323456
0.00311736
0.00265232
0.00333474
0.00302401
2.29778e-05
0.000179742
0.00014605
4.19417e-05
0.000758852
0.00158791
0.000435105
0.00117835
0.000409793
2.69748e-05
0.000781822
0.000130162
0.000193917
0.000796006
5.61655e-05
0.000481779
0.00243769
0.0030839
0.0020447
0.00279082
0.00336542
0.00322356
0.00322179
0.00323964
0.00161777
0.00240623
0.00120994
0.00198643
0.00294074
0.00308981
0.00257332
0.00281302
0.00133558
0.00206852
0.00122724
0.00177841
0.00284755
0.00358902
0.00232085
0.00278905
0.0010255
0.00140556
0.000804903
0.00104631
0.00174211
0.00198711
0.0012255
0.00131037
0.00421192
0.00464917
0.00312669
0.00329632
0.00485802
0.00482798
0.00328728
0.00312094
0.0021071
0.00209132
0.00128773
0.00117024
0.00195772
0.00175549
0.0010006
0.00085182
0.000617364
0.000759735
0.000485829
0.000565596
0.000832556
0.000817476
0.000575027
0.000506749
0.000411126
0.000456665
0.000384354
0.000416173
0.000433242
0.000341134
0.000379309
0.000277779
0.000718582
0.000568426
0.000378773
0.00023982
0.000430617
0.000398183
0.00017069
0.000280902
0.000208462
9.61537e-05
0.000145438
5.10164e-05
9.84385e-05
0.000338094
9.81747e-05
0.000419747
0.0045854
0.00419341
0.00285203
0.00256563
0.00374664
0.00336082
0.00236938
0.00238114
0.00156372
0.00148554
0.000823351
0.00103266
0.00163793
0.00213772
0.00160283
0.00264684
0.00315766
0.00324675
0.0027132
0.00345439
0.00370675
0.00456871
0.00465269
0.00630079
0.00308489
0.00454505
0.00425019
0.00645344
0.00653321
0.00900174
0.00923734
0.0125129
0.000587324
0.00112669
0.000700389
0.00156657
0.00214282
0.00374289
0.00300778
0.00512439
0.00095631
0.00209773
0.00116608
0.00248818
0.00389185
0.0064326
0.00451718
0.00734219
0.00599643
0.00891814
0.00796973
0.0115329
0.0124541
0.016474
0.0157262
0.0203793
0.0097582
0.013834
0.010989
0.0154028
0.0185408
0.0236711
0.0204369
0.025851
0.000397402
0.000431826
0.000447161
0.000501195
0.000395226
0.000290905
0.000479805
0.000380802
0.000532934
0.000627884
0.000649877
0.00081189
0.000643608
0.000567683
0.000895738
0.000874617
0.000153461
5.43931e-05
0.000233969
0.000107827
0.000102273
0.000436484
0.000110576
0.00038397
0.000419223
0.000257398
0.000751273
0.000568847
0.000183896
0.000337718
0.000415653
0.000421781
0.000782872
0.00103965
0.000904809
0.00127908
0.00122915
0.00130727
0.00161122
0.00183876
0.000981131
0.00148264
0.000979733
0.00159815
0.00198404
0.00240583
0.00227524
0.00291826
0.00125547
0.00109444
0.0019185
0.00184317
0.000891918
0.000762058
0.00165298
0.00143876
0.00267888
0.00276414
0.00343353
0.00374884
0.00266846
0.00245213
0.00383353
0.00371129
0.00121442
0.00259301
0.00108991
0.00239068
0.00470625
0.00764125
0.00442469
0.00728067
0.000881857
0.00198274
0.000746726
0.00155874
0.00378449
0.00638118
0.00300803
0.00519727
0.0114156
0.0159595
0.0109734
0.0154246
0.0211047
0.0265848
0.0204527
0.0257734
0.00979075
0.0139346
0.00815344
0.0118057
0.0186265
0.0235746
0.0159735
0.0203682
0.00085504
0.00133719
0.00133452
0.00149947
0.00236379
0.00404809
0.00209123
0.0032339
0.00222568
0.00213479
0.00346199
0.00321079
0.00233498
0.00295952
0.00310532
0.00328434
0.00643118
0.00945775
0.00498612
0.00731446
0.0129626
0.0166719
0.0100779
0.013028
0.00408588
0.00570685
0.0038432
0.0048027
0.00771255
0.00988869
0.00608841
0.00752652
0.00192566
0.00169346
0.00149883
0.00138661
0.00141758
0.00111699
0.00123027
0.00103739
0.000977827
0.000972192
0.000500118
0.000557906
0.000928507
0.000845607
0.000592091
0.000595689
0.000828317
0.000598541
0.000834185
0.000661185
0.000472416
0.000477868
0.000563208
0.000575592
0.000739549
0.000642683
0.00057532
0.00055381
0.000596746
0.000640938
0.00056694
0.000654154
0.000203955
0.000258281
0.00018924
0.000162175
0.000312792
0.000357465
0.000168064
0.000196029
0.000486558
0.000306067
0.00104454
0.000662179
0.000198485
0.000153287
0.000396862
0.000238337
0.000390421
0.000424067
0.000236616
0.00029127
0.00048576
0.000611788
0.000376994
0.000523979
0.000154047
0.000190932
0.000163216
0.000150096
0.000269204
0.000410666
0.000191598
0.000299556
0.0006138
0.000845029
0.000710612
0.000948758
0.00110751
0.00132415
0.00123874
0.00150786
0.000798042
0.00106306
0.000845436
0.00114836
0.0013987
0.00174041
0.00153987
0.00196635
0.00142815
0.00138752
0.0016812
0.0017049
0.00122344
0.00101525
0.00156675
0.00130718
0.00201095
0.00214121
0.00235332
0.0026229
0.00209163
0.00186753
0.00271463
0.0026036
0.000835894
0.00117576
0.000766489
0.00112967
0.00162196
0.00213366
0.00161662
0.00220023
0.000647368
0.00100949
0.000501793
0.000831576
0.00151128
0.00213983
0.00131314
0.00194799
0.00264332
0.00307022
0.00282323
0.00340733
0.00333955
0.00340175
0.00386962
0.00414178
0.0028507
0.00357257
0.00270658
0.00352843
0.0042202
0.00471251
0.00433128
0.00502703
0.00174125
0.00114685
0.00241883
0.00164904
0.000714045
0.000431312
0.00108184
0.000701413
0.00293382
0.00207276
0.0032102
0.00238214
0.00144797
0.0010351
0.00181354
0.00146626
0.000267505
0.000189167
0.000467129
0.000332633
0.000175715
0.000228118
0.000263728
0.000250208
0.000781339
0.000626137
0.00127196
0.00115412
0.0005213
0.00044556
0.00105011
0.00092802
0.00327995
0.00263561
0.00329777
0.00299686
0.0022608
0.00209791
0.0029603
0.00310534
0.00352202
0.00371519
0.00426253
0.00507527
0.00415032
0.00471453
0.00608868
0.00715568
0.00205923
0.00205024
0.00332104
0.00349287
0.00199339
0.00184687
0.00352802
0.00337571
0.00527018
0.00568102
0.00810928
0.00879051
0.00583894
0.00568567
0.00907652
0.00890358
0.000368773
0.00063282
0.000308643
0.000475657
0.00105375
0.0016478
0.000793916
0.00129507
0.000409986
0.000453127
0.000794368
0.000690843
0.000627509
0.000981384
0.00068128
0.000832339
0.00240211
0.0032705
0.00198477
0.00283424
0.00417844
0.0050363
0.0037811
0.00473926
0.00154092
0.00229783
0.00119307
0.00177874
0.0032059
0.00418738
0.00256318
0.00348136
0.00161407
0.00134176
0.00303824
0.00257
0.00110727
0.000998107
0.0020647
0.00163374
0.00522488
0.00452181
0.00827993
0.00728552
0.00369012
0.00286873
0.00605815
0.00476847
0.00108896
0.00142187
0.00138065
0.00137755
0.00199435
0.00275816
0.00164917
0.00216768
0.00219355
0.00177023
0.00358865
0.00266134
0.00165399
0.00184057
0.00207521
0.00185203
0.000105762
4.02383e-05
3.58865e-05
9.7477e-05
1.75295e-05
1.79611e-05
0.000170487
0.000235584
0.000175857
0.000399049
0.000511577
0.000864867
0.000551796
0.000640303
0.00104627
0.00110122
3.41089e-05
6.04672e-05
0.000290019
0.000333252
9.253e-05
0.000126669
0.000365654
0.000388258
0.000682753
0.000693642
0.0010792
0.00101597
0.000683949
0.000662132
0.000935589
0.000853711
0.00101893
0.0014267
0.00164875
0.00200873
0.00155956
0.00151498
0.00200716
0.00180298
0.00232976
0.00253085
0.00297735
0.00291895
0.00231843
0.00191568
0.00244587
0.00183921
0.00138005
0.0012134
0.0015221
0.00124215
0.00105026
0.000909716
0.00100316
0.000820699
0.00148161
0.00110307
0.00127731
0.000840526
0.000814203
0.000617916
0.000543243
0.000365964
0.000160081
0.000190701
0.000402535
0.00041015
0.000217066
0.000238165
0.000412721
0.00041161
0.000634717
0.000606607
0.000780139
0.000720595
0.000581283
0.00056096
0.000678031
0.000653569
0.000253281
0.000261855
0.000407765
0.000401606
0.000263395
0.000257438
0.000392971
0.000316631
0.000546721
0.000538598
0.000647108
0.000625187
0.000478244
0.000396066
0.00058323
0.000506233
0.000800553
0.000725506
0.000696577
0.000626584
0.000684309
0.000675641
0.00060559
0.000650872
0.000502916
0.00045551
0.000279783
0.00027672
0.000491643
0.00059253
0.000350413
0.000499922
0.000696547
0.000718099
0.0007301
0.00081376
0.000712426
0.000656219
0.000865857
0.000851737
0.000740137
0.000903598
0.000717964
0.000975053
0.00103778
0.00109304
0.0012162
0.00137296
0.00350623
0.00311771
0.00384529
0.00310352
0.00237535
0.00160107
0.00213433
0.00127238
0.00395281
0.00289523
0.00382997
0.00256082
0.00179623
0.000965364
0.00147928
0.000824948
0.000970736
0.000537766
0.000662469
0.00030806
0.000281529
0.000151971
0.000139532
7.63483e-05
0.000483444
0.000281663
0.000581218
0.000663353
0.000261235
0.000258656
0.000795076
0.000825563
0.00353023
0.00221812
0.00316283
0.00202846
0.00133886
0.00101457
0.00155315
0.00186121
0.00288846
0.00218273
0.00290653
0.00309656
0.00249401
0.00334923
0.00401657
0.00548801
0.00122599
0.00159197
0.00250053
0.00318305
0.00187639
0.00190764
0.00362072
0.00362415
0.00447462
0.00550536
0.00714886
0.00856254
0.00610411
0.00606341
0.00934298
0.0092614
0.000103963
0.000118979
4.72357e-05
3.89361e-05
0.000203288
0.000379471
8.81205e-05
0.000250776
0.000205795
0.000115141
0.000694303
0.0004482
6.42582e-05
0.000152528
0.000214842
0.000146768
0.000657906
0.0010142
0.000562822
0.00101012
0.0013837
0.0016758
0.00152008
0.0019778
0.000450362
0.000960821
0.000358735
0.000879803
0.00160718
0.00225013
0.00163545
0.0024645
0.00163839
0.0011558
0.00316115
0.00236172
0.000644697
0.000319743
0.00147252
0.000777736
0.00536448
0.00417903
0.00830723
0.00668897
0.00281692
0.00163681
0.00477716
0.00300651
0.00035035
0.00080202
0.000511448
0.000787109
0.00161136
0.00260104
0.00156372
0.00265678
0.000946149
0.000918018
0.00176416
0.00129349
0.00154673
0.00265257
0.00163765
0.00263586
0.000421758
0.000746389
0.000268225
0.0005438
0.00103401
0.00124104
0.000795514
0.000969681
0.00015404
0.000365686
7.54774e-05
0.000229771
0.000577746
0.000731157
0.000403465
0.00053928
0.00133534
0.00130446
0.00104083
0.00100453
0.00115764
0.000923937
0.000874989
0.000681335
0.000798376
0.000774954
0.000607382
0.000600435
0.000674156
0.000521808
0.00052809
0.000411467
2.7281e-05
0.000133589
4.26289e-06
7.19248e-05
0.000273216
0.000393049
0.000182736
0.000288022
1.20595e-06
3.88816e-05
1.29992e-05
2.83294e-05
0.000126139
0.000218342
9.68052e-05
0.000177346
0.000461999
0.000469396
0.000356258
0.000373892
0.000420646
0.000332138
0.000342473
0.000274369
0.000284068
0.000307599
0.000239025
0.000264695
0.000287431
0.000232864
0.000250671
0.000204096
0.000647082
0.000378108
0.000462204
0.00025905
0.000166807
5.32955e-05
0.000109188
3.9539e-05
0.000350589
0.000194011
0.000277538
0.000153701
8.07157e-05
2.98395e-05
6.30041e-05
2.05156e-05
6.09827e-05
0.000192067
6.20789e-05
0.000171693
0.000426376
0.000723928
0.000346868
0.000731953
4.80645e-05
0.000128791
3.12542e-05
0.000127083
0.00034378
0.000655162
0.000305519
0.000543531
0.000226037
0.000125369
0.000188075
0.000103713
4.9842e-05
1.27457e-05
3.91757e-05
6.38714e-06
0.000159821
8.66424e-05
0.000139211
7.14415e-05
2.69456e-05
3.32993e-06
2.02888e-05
2.31071e-06
2.94471e-05
0.000114947
2.72254e-05
0.000103118
0.000259128
0.00043797
0.000222211
0.000360439
2.65788e-05
9.66891e-05
2.76547e-05
9.60815e-05
0.000201119
0.000316077
0.000195097
0.00030116
3.48116e-05
3.41642e-05
6.22316e-05
5.05375e-05
8.78572e-05
0.000158021
9.25601e-05
0.000153484
9.13566e-05
7.20717e-05
0.000118839
9.40598e-05
0.000104702
0.000157494
0.000118961
0.000164955
0.000214561
0.000239567
0.00020436
0.000227024
0.000227911
0.000185285
0.000215408
0.000177692
0.000202892
0.000222764
0.000205984
0.000223361
0.000213655
0.000180485
0.000220029
0.000192685
0.000141907
0.000112649
0.00015837
0.000125017
0.000131253
0.000172383
0.000139049
0.000165855
0.000166647
0.000129548
0.000165817
0.00013264
0.000131892
0.000152478
0.000118672
0.000131971
0.000204111
0.000227195
0.000199511
0.000231985
0.000232946
0.000214456
0.00025169
0.000247033
0.00019001
0.000236088
0.000174316
0.000237786
0.000275904
0.00029218
0.000304551
0.000350882
0.00012596
6.42061e-05
0.000122699
6.36936e-05
1.75056e-05
2.3825e-06
1.79586e-05
2.94822e-06
0.000128557
6.98701e-05
0.000143894
8.38959e-05
2.18367e-05
3.77188e-06
3.03149e-05
5.13036e-06
2.95784e-05
9.97722e-05
3.1296e-05
0.000105941
0.00020124
0.000310623
0.000216929
0.000341335
3.1639e-05
0.00011232
2.91599e-05
0.000115289
0.000239167
0.000390592
0.000262388
0.000452057
0.000170457
0.00010855
0.000211534
0.000148762
4.62268e-05
8.596e-06
7.50813e-05
1.85596e-05
0.000271575
0.000211647
0.000354825
0.000305386
0.000125786
4.38873e-05
0.000210181
9.85688e-05
2.27468e-05
0.000109869
1.35351e-05
9.17317e-05
0.00027723
0.000512527
0.000272105
0.000552333
7.64731e-06
6.10003e-05
1.8403e-05
2.63827e-05
0.000237846
0.000550325
0.000173934
0.000492124
0.000691989
0.00098274
0.00111961
0.00159327
0.00126644
0.00155936
0.00197524
0.0023017
0.00144244
0.00192895
0.00163437
0.00200089
0.00227564
0.00251545
0.0021931
0.00225134
0.00185489
0.00214136
0.00257594
0.00279171
0.00240505
0.00263162
0.00294065
0.00301544
0.00265979
0.00271301
0.00220087
0.00206146
0.00267891
0.00256364
0.00185233
0.00159405
0.00167118
0.00184117
0.00155207
0.00150534
0.00182364
0.0016772
0.00129242
0.000995227
0.00130208
0.00107042
0.000968474
0.000626382
0.000735685
0.000401359
0.000283959
5.79552e-05
0.00144648
0.0011684
0.000677481
0.0003886
0.000875751
0.00059801
0.000166072
3.59532e-05
0.000143187
1.13389e-05
2.26842e-05
0.000211872
3.26934e-05
0.00021234
0.000622562
0.00121975
0.00280738
0.00292054
0.0030117
0.00292909
0.0029624
0.00292834
0.002772
0.0025496
0.00237702
0.00213275
0.00130872
0.00101909
0.00184798
0.00154226
0.000747097
0.000511931
0.00281859
0.00263858
0.00227551
0.00196688
0.00239881
0.00211417
0.00164296
0.00157679
0.00123596
0.000948498
0.00032818
0.000333054
0.000941654
0.000960103
0.0003728
0.000433172
0.000360701
0.000183917
1.23199e-05
9.65058e-05
8.06136e-05
5.51363e-05
0.000276803
0.000395324
0.00053491
0.000966532
0.00194201
0.00258715
0.00129359
0.00145631
0.00299649
0.00311391
7.99519e-05
0.000104284
0.000438655
0.000408863
0.00012813
0.000159594
0.000334208
0.000251195
0.00143777
0.00126949
0.00295031
0.00256896
0.00101199
0.00073258
0.00206248
0.00152777
0.000613202
0.000263714
0.00030295
5.99429e-05
4.51491e-05
7.31742e-05
8.94324e-05
0.000487285
9.81942e-05
6.7181e-05
4.29393e-05
0.00030286
0.000438402
0.00126748
0.00106049
0.00231245
0.000402609
0.00103092
0.00126884
0.00237659
0.0019061
0.00293708
0.0036948
0.00506765
0.00251185
0.0040456
0.00394533
0.00566733
0.00566923
0.00711829
0.00730301
0.00865812
0.000156681
0.000745269
0.000429949
0.00133496
0.00187393
0.00346697
0.00275756
0.00421974
0.000824329
0.0019823
0.0012773
0.00216469
0.0031684
0.00446252
0.00317547
0.0042087
0.00512542
0.00678418
0.00574956
0.00718624
0.00825873
0.00938854
0.00837869
0.00920428
0.00573394
0.00685199
0.00515792
0.00592449
0.00770209
0.00820056
0.00643059
0.00663041
0.00395754
0.00471369
0.0061996
0.00693823
0.0050997
0.0050855
0.00720381
0.00699444
0.0082089
0.00881697
0.00958029
0.00997806
0.00889213
0.00845977
0.00983093
0.0091888
0.00471144
0.00407079
0.00637803
0.00547313
0.00328461
0.00247484
0.0044228
0.00336702
0.00761113
0.00648343
0.00816088
0.00689564
0.00523368
0.00401118
0.00555525
0.00428893
0.0100574
0.010208
0.00958459
0.00949593
0.00984832
0.00904925
0.00897271
0.00810266
0.00830631
0.00802751
0.00651815
0.00613114
0.00742202
0.00659061
0.0055474
0.00487699
0.00793223
0.00664961
0.00701409
0.00585645
0.00536009
0.00420359
0.00477719
0.00389843
0.00566351
0.00478148
0.00424777
0.00378689
0.004074
0.0036382
0.00360053
0.00375497
0.00023937
5.16982e-05
0.000378413
7.84695e-05
8.99448e-05
0.000362996
8.64418e-05
0.000418502
0.000555977
0.00014032
0.000766272
0.000241209
5.79232e-05
0.000377899
3.90578e-05
0.000288667
0.000860604
0.00154143
0.00104063
0.00188179
0.00233451
0.00314726
0.00284037
0.00379611
0.00106585
0.00202682
0.000976486
0.00199751
0.00312717
0.00421544
0.00319224
0.00437964
0.00100378
0.00038054
0.00126015
0.000553918
4.85667e-05
0.000187906
9.49182e-05
0.000101735
0.00152432
0.000753476
0.00178302
0.000968213
0.000179386
4.66784e-05
0.000297543
3.08111e-05
0.000816505
0.00183298
0.000625958
0.00157958
0.00306223
0.00429979
0.00278257
0.00401577
0.000437649
0.00128306
0.000275623
0.000983397
0.00240703
0.00358483
0.00198899
0.00307034
0.0038785
0.00443462
0.00462702
0.00522911
0.00474723
0.00478962
0.00553635
0.00553783
0.00514551
0.00580074
0.00538903
0.00609009
0.00611632
0.00609658
0.00641803
0.00639083
0.0045898
0.00423745
0.00528936
0.00491672
0.0038828
0.00372624
0.00460891
0.00432004
0.00582422
0.00545878
0.00611531
0.00562513
0.00498836
0.00509591
0.00542201
0.00594112
0.00535362
0.00608082
0.00507168
0.00579809
0.00641621
0.00638929
0.00612997
0.00615141
0.00460086
0.00529816
0.00401115
0.00472755
0.00570647
0.0057521
0.00511853
0.00520989
0.00607631
0.00574322
0.00591605
0.00575543
0.00581893
0.00672127
0.00608493
0.00730588
0.00561506
0.00561321
0.00516879
0.00529112
0.00614337
0.00759105
0.0059505
0.00751627
0.00202166
0.00118465
0.00222531
0.0013878
0.000440338
5.48015e-05
0.000595281
0.000113137
0.00238008
0.00156247
0.00247432
0.00169473
0.000747879
0.000195692
0.000883312
0.000289641
0.000154722
0.000711587
8.09985e-05
0.000488306
0.00157516
0.00253256
0.00120175
0.00193962
5.29304e-05
0.000324025
6.3326e-05
0.000154562
0.000777879
0.00137282
0.00045022
0.00090211
0.00249998
0.0017734
0.0024536
0.00179142
0.000988237
0.000381619
0.00105254
0.000638673
0.00233701
0.00174689
0.00215753
0.00182039
0.0013092
0.000886701
0.00144437
0.00106179
0.000153352
0.000106349
0.000327053
0.000170194
0.000254877
0.000569646
0.000194074
0.000386857
0.000535411
0.000308487
0.00071944
0.000468577
0.000241095
0.000337078
0.00035071
0.000383108
0.00337194
0.00402883
0.00267433
0.00327771
0.00441817
0.00455804
0.00366639
0.0038447
0.00200164
0.0025483
0.00142201
0.0019051
0.00292812
0.00312825
0.00226455
0.00246944
0.0045944
0.00479429
0.00393134
0.00415887
0.00550346
0.00707332
0.00484043
0.00630653
0.00323636
0.00344623
0.00257472
0.00273279
0.00403394
0.00530497
0.00317879
0.00418852
0.000980894
0.00139535
0.000696989
0.0010439
0.00172513
0.00192234
0.001341
0.00152632
0.000562723
0.000851593
0.000549099
0.000797576
0.00112144
0.00130042
0.00105393
0.00124122
0.0020098
0.00209759
0.00159302
0.00160989
0.00237717
0.00309008
0.00172343
0.002137
0.00135615
0.00131894
0.00130686
0.00124718
0.00129081
0.00143427
0.00112185
0.00105149
