0.000605547
0.00067124
0.000627669
0.00068252
0.000754694
0.000848158
0.000746898
0.000812661
0.000534403
0.000576236
0.000367307
0.000396035
0.000620955
0.000661286
0.00042396
0.000445495
0.000939053
0.00101039
0.000868011
0.000898532
0.00104298
0.00101966
0.000889745
0.000831112
0.000687533
0.000688961
0.000453787
0.000442184
0.000656371
0.00058566
0.000406582
0.000348296
0.00019704
0.000213902
9.9007e-05
0.000106203
0.000229553
0.000240526
0.00011432
0.000122099
0.000127256
0.000127739
0.000294743
0.000291846
0.000132219
0.000141415
0.000294961
0.000306253
0.000243017
0.000234217
0.000128523
0.000133831
0.000214209
0.000187969
0.000140794
0.000155736
0.000156442
0.000179378
0.000328037
0.000362791
0.000213804
0.00026481
0.000412943
0.000479952
0.000930864
0.000780246
0.000720801
0.000569787
0.000588188
0.000391124
0.000403427
0.00025869
0.000481539
0.000360058
0.000276584
0.000209534
0.000248237
0.000179365
0.000171841
0.000188466
0.00023517
0.000164146
0.000176052
0.000186682
0.00020414
0.000349062
0.00029773
0.000505734
0.000183515
0.000274542
0.000274333
0.000418796
0.0004458
0.000648267
0.000593104
0.000739219
0.000166601
0.0001666
0.000188451
0.000250014
0.000206001
0.000296885
0.000347707
0.000461165
0.000337719
0.000434793
0.000562144
0.00063892
0.000533166
0.000624483
0.000697752
0.000730051
0.000423712
0.000569843
0.000580476
0.000682052
0.000698251
0.000754983
0.000731959
0.000691477
0.000693831
0.000721393
0.000725817
0.000674211
0.000684218
0.000565614
0.000567304
0.000412409
0.000566455
0.000563183
0.000868183
0.000866281
0.000565028
0.000574846
0.000864599
0.000865817
0.00110898
0.00110818
0.00121086
0.00120887
0.00109884
0.00108269
0.00118726
0.00114651
0.000595074
0.000627198
0.000871522
0.000881203
0.000670853
0.000722262
0.000890928
0.000897575
0.00105992
0.00102785
0.00108561
0.000998339
0.00098838
0.000917613
0.000884809
0.00075487
0.00113658
0.00113014
0.000906243
0.000893192
0.0010936
0.00102665
0.000844033
0.000692087
0.000596317
0.00057816
0.000320048
0.000234086
0.000435873
0.000316719
0.000193492
0.000204859
0.000897947
0.000754088
0.000541954
0.000406539
0.000607354
0.000469235
0.00029655
0.000219924
0.000231861
0.000188824
0.000269972
0.000386037
0.000191217
0.000238883
0.000546333
0.000741171
0.000768452
0.00078851
0.00087331
0.000819843
0.000779216
0.000737796
0.000740029
0.000637702
0.000821718
0.000707906
0.000618715
0.000486266
0.000584003
0.000458441
0.000366916
0.000269832
0.000662049
0.000551829
0.00051817
0.000390398
0.000414272
0.000278388
0.000273385
0.000212584
0.000341133
0.000246264
0.000205261
0.000187892
0.000199638
0.00025678
0.000245063
0.000436807
0.000349747
0.000257124
0.000181646
0.000183973
0.00019795
0.000177904
0.000227075
0.000310176
0.000328408
0.000453915
0.000959017
0.00118767
0.000608097
0.000783468
0.00141536
0.00163174
0.000203494
0.000285872
0.000433539
0.000602372
0.000449819
0.000756643
0.000836268
0.00119683
0.000974065
0.00117848
0.00182864
0.00200093
0.00140801
0.00171949
0.00214836
0.00229139
8.68348e-05
0.000184236
8.8051e-05
0.000187427
0.000311705
0.000418846
0.00032519
0.000450909
9.04002e-05
0.000192801
9.33661e-05
0.00019945
0.000341252
0.000485564
0.000358704
0.000521216
0.00046221
0.000423488
0.000516761
0.00049671
0.000319883
0.000202373
0.000399101
0.000267787
0.000574247
0.000574366
0.000632343
0.000653077
0.000486046
0.000346154
0.000576146
0.000431941
9.67242e-05
0.000206804
0.000100543
0.000214747
0.000376682
0.000556498
0.000394834
0.000590536
0.000105176
0.000223704
0.000111237
0.000234684
0.000413489
0.000623152
0.000433724
0.000654933
0.000688788
0.000729245
0.000741694
0.000799424
0.000664182
0.000518387
0.00074476
0.00059812
0.000789786
0.000860621
0.000832469
0.000910384
0.000812718
0.000663757
0.000863327
0.000708352
0.000141524
0.000204812
0.000170522
0.000177738
0.000432678
0.000821659
0.000338398
0.000661231
0.000219114
0.000177155
0.000281508
0.00019817
0.00027617
0.000535422
0.000243466
0.000445561
0.00132116
0.00184621
0.00110845
0.00160515
0.00230287
0.00261791
0.00206215
0.00260547
0.000928625
0.00139044
0.000788088
0.00141356
0.00207775
0.0025775
0.00207609
0.00254149
0.000349979
0.000233189
0.00041567
0.000272924
0.000234308
0.000388932
0.000240498
0.000404678
0.000469483
0.000307685
0.000502959
0.000321344
0.000254885
0.000415762
0.000266779
0.00042287
0.000807976
0.00142206
0.000818308
0.00141942
0.00206263
0.00250364
0.00204204
0.00246873
0.000821019
0.00140873
0.000817911
0.0013925
0.00201801
0.00244006
0.0019931
0.00241947
0.000119565
0.000249274
0.000131276
0.000269606
0.000457318
0.000687111
0.000486571
0.000721192
0.000147975
0.000298325
0.000172183
0.000338529
0.000523955
0.000758288
0.00057153
0.000798084
0.000869624
0.000946593
0.000901088
0.000966892
0.000892211
0.000725648
0.000894939
0.000726491
0.000925754
0.000967769
0.000940291
0.000949898
0.000884795
0.000711421
0.000854512
0.000679263
0.000207791
0.000393449
0.000260109
0.000465461
0.000629911
0.000837301
0.000696485
0.000832305
0.000334728
0.000553846
0.000434351
0.000597657
0.000713209
0.000817766
0.000728411
0.000793905
0.000923296
0.000911656
0.000889903
0.000854495
0.000804258
0.000629669
0.000734804
0.000562999
0.000841783
0.000779356
0.000777922
0.000684882
0.000646753
0.000480131
0.000539617
0.00038291
0.000512604
0.000330607
0.000512566
0.000334046
0.000275706
0.000426699
0.000281299
0.000427987
0.000501074
0.000330502
0.000476928
0.000319265
0.000283404
0.000427643
0.000282293
0.00042705
0.000810579
0.00137262
0.000800452
0.0013504
0.00196877
0.00240746
0.00194543
0.00240323
0.00078898
0.00132677
0.000778047
0.00130279
0.00192259
0.0024048
0.0018992
0.0024091
0.000439661
0.000300353
0.000389735
0.000275073
0.000279093
0.00042869
0.000276753
0.000437609
0.000329134
0.000247535
0.000263699
0.000229437
0.00028263
0.000465278
0.000316362
0.000541501
0.000770838
0.00128053
0.000773866
0.00126546
0.00187422
0.00241213
0.00184831
0.00240927
0.000802406
0.00127329
0.000898041
0.00135534
0.00182978
0.00239637
0.00186508
0.00238054
0.00201208
0.00326705
0.00212234
0.00349339
0.00586589
0.0100408
0.0062457
0.0106154
0.00218633
0.00356019
0.00220453
0.00347692
0.00630205
0.0106498
0.00605528
0.0101763
0.0158039
0.0229054
0.0166102
0.0239638
0.0308377
0.0388875
0.0321377
0.0403752
0.0166096
0.0239064
0.0158465
0.0227894
0.0319835
0.0400579
0.0304438
0.0380181
0.00219497
0.00328283
0.0021846
0.00303412
0.00557168
0.0092934
0.00494579
0.00814292
0.00219972
0.0027894
0.00225799
0.00259684
0.00427985
0.00688217
0.00366469
0.00565743
0.0144561
0.0207889
0.0126356
0.0181647
0.0277383
0.0345238
0.0241969
0.0299807
0.0106087
0.0152169
0.00858953
0.0122398
0.0202051
0.0248683
0.0161476
0.0196705
0.0462305
0.0520516
0.0478011
0.0535511
0.05567
0.0566477
0.0569086
0.0574234
0.0472238
0.0525908
0.0445991
0.0492958
0.0554297
0.0553024
0.0513951
0.0504991
0.0548596
0.0505149
0.0549909
0.049877
0.0441246
0.0364228
0.0426822
0.031786
0.0521478
0.0463085
0.0466173
0.0401639
0.0372729
0.026666
0.0312714
0.0214995
0.0402483
0.0440488
0.03466
0.0374288
0.045259
0.0435532
0.0376999
0.0363942
0.0284147
0.0301244
0.022103
0.0234081
0.0305256
0.0289027
0.0233233
0.0217193
0.0398482
0.0334013
0.0325441
0.0265868
0.0251829
0.0166611
0.0194458
0.0124327
0.0253198
0.0202108
0.0186987
0.0146482
0.0143961
0.0089883
0.0102483
0.00639294
0.00236367
0.00248542
0.00250692
0.00246167
0.00316574
0.00458319
0.002816
0.00373012
0.00266665
0.00251169
0.00281594
0.00260722
0.00261639
0.00312265
0.00254205
0.00274504
0.00675451
0.00948334
0.00522331
0.00712698
0.0123585
0.0148139
0.00908604
0.0103348
0.00405292
0.00526853
0.00324263
0.00359874
0.00606132
0.00672415
0.00394513
0.00423043
0.00292834
0.00271386
0.00298362
0.00279934
0.00255244
0.00255322
0.00260259
0.00252173
0.00297163
0.00284009
0.00289376
0.00283472
0.00274122
0.00264759
0.00276759
0.00270087
0.00261049
0.00269316
0.00246167
0.0024215
0.00278262
0.0028591
0.0023979
0.00238684
0.00256588
0.00250036
0.00264118
0.00259337
0.00245359
0.00242705
0.00256069
0.00254501
0.0163228
0.017019
0.011197
0.0115184
0.0167211
0.0153688
0.0111977
0.0102152
0.00715686
0.00727736
0.00440706
0.00443896
0.00703715
0.00643735
0.004309
0.0040265
0.0130696
0.0101357
0.00866267
0.00676825
0.0070924
0.00461465
0.00490513
0.00354508
0.00554533
0.00451052
0.00363489
0.00321985
0.00357169
0.00302589
0.00291411
0.0028765
0.00290551
0.00291085
0.00238526
0.0023924
0.00287328
0.00280272
0.00241066
0.00244617
0.00242176
0.00243859
0.00254695
0.00256601
0.00247846
0.0025422
0.00260053
0.00264765
0.00272335
0.0026764
0.00250908
0.00261369
0.0027215
0.00291985
0.0027772
0.00300295
0.00263033
0.00274255
0.00270322
0.00276166
0.00287599
0.00300884
0.00281534
0.00284621
0.00158184
0.00150157
0.00205143
0.00202339
0.00139966
0.00127467
0.00196677
0.00187505
0.00234134
0.00239743
0.00239125
0.00254346
0.00242421
0.002409
0.00267482
0.00276659
0.00112916
0.00096951
0.00174661
0.00158509
0.000805024
0.000646432
0.00139897
0.00120022
0.00234405
0.00222789
0.00280371
0.00277732
0.00206563
0.0018682
0.00268634
0.00253761
0.00223741
0.00246485
0.00203298
0.0022729
0.00269087
0.00289257
0.00254194
0.00281712
0.00203743
0.00218242
0.00257177
0.00247402
0.00239663
0.00266335
0.00249224
0.00262457
0.00304764
0.0031383
0.00307068
0.00327553
0.00315448
0.00309557
0.00341048
0.00346398
0.0029532
0.00323095
0.00284582
0.00311541
0.00346304
0.00362398
0.00338736
0.00361981
0.000504104
0.000386288
0.00100233
0.000818159
0.000297735
0.000239006
0.000657913
0.000527866
0.00165048
0.00142894
0.00234471
0.00212558
0.00121909
0.00103353
0.00189972
0.00168553
0.000206579
0.000193769
0.000429924
0.000362203
0.000192276
0.000194168
0.000320538
0.00021682
0.000880776
0.000765377
0.00149841
0.00109605
0.000493061
0.000302045
0.000732021
0.000448803
0.00297025
0.00279476
0.00343581
0.00333643
0.00259005
0.00237856
0.00318453
0.00284373
0.00370042
0.00369237
0.00378225
0.00385314
0.00354563
0.00325125
0.0037921
0.0035719
0.0019443
0.00147513
0.00239475
0.00187984
0.00102602
0.000650714
0.00135887
0.000896977
0.00281876
0.00228486
0.00318749
0.00266483
0.00171131
0.00117364
0.00206284
0.00146507
0.00394475
0.00342691
0.00636443
0.00523532
0.00307508
0.00291258
0.00432303
0.00368736
0.00985523
0.00792853
0.0142029
0.011317
0.00626986
0.0049868
0.00875376
0.00667891
0.00292589
0.00307335
0.00333498
0.0032283
0.00329758
0.00353861
0.00330026
0.00345403
0.00411488
0.00362575
0.00516439
0.00448966
0.00348527
0.00346006
0.00396352
0.00363915
0.0189468
0.0149846
0.0234288
0.0183385
0.0114108
0.00845745
0.013726
0.0115243
0.0268999
0.0207164
0.0286669
0.02482
0.0176826
0.0144988
0.0206486
0.0165168
0.00706725
0.0057887
0.00932827
0.00734562
0.00474979
0.00402132
0.00572423
0.00454073
0.0114523
0.00876977
0.0127276
0.00949889
0.00659938
0.00500516
0.00695276
0.00511749
0.00374334
0.00388485
0.00364017
0.00381496
0.00391379
0.00378603
0.00391798
0.00388634
0.00354264
0.00368918
0.00351979
0.00356134
0.00382878
0.00387908
0.00368282
0.0037833
0.00347732
0.00299663
0.00367238
0.00326153
0.00239366
0.00175542
0.00268622
0.00202998
0.00376628
0.00344663
0.00376284
0.00354576
0.00292649
0.00227633
0.00310473
0.00248504
0.00361253
0.00347593
0.00380008
0.00344446
0.00352004
0.0036274
0.00336916
0.00344249
0.00397243
0.00342209
0.00394042
0.00330831
0.00323068
0.0032528
0.00307177
0.00307015
0.00367567
0.00355978
0.00352652
0.00349625
0.00321549
0.00265012
0.0032569
0.00276883
0.00334234
0.00336923
0.0031537
0.00320018
0.00322829
0.00284046
0.00312281
0.00285634
0.000233404
0.000331673
0.000122756
0.000187016
0.000436504
0.000536532
0.000265499
0.000349467
7.53507e-05
9.69348e-05
0.000110025
8.87201e-05
0.000136954
0.000189519
8.6582e-05
0.000100342
0.000621026
0.000681873
0.000429646
0.00049795
0.000714921
0.000720455
0.000548833
0.000580032
0.000247485
0.000303839
0.000125178
0.000155745
0.000352904
0.00039115
0.000187141
0.000215651
0.000220264
0.000165075
0.000372689
0.000299993
0.000126949
0.000104661
0.000240591
0.000194562
0.000515834
0.000445157
0.000597177
0.00054566
0.000383758
0.000332303
0.000500434
0.000462247
9.54778e-05
9.58461e-05
0.000160722
0.000137049
0.000102106
0.000111082
0.000121154
0.000110702
0.000290516
0.000257412
0.000431187
0.000406779
0.000231574
0.000211417
0.000388125
0.000374057
0.000702769
0.000669034
0.000592615
0.000590411
0.000627812
0.000587618
0.000579049
0.000564872
0.000417506
0.000433179
0.000239152
0.000257164
0.000441113
0.000445253
0.000270604
0.000281353
0.000555871
0.00053838
0.000553995
0.000551645
0.000539304
0.000561305
0.000561788
0.000586898
0.000449807
0.000458627
0.000291756
0.000304133
0.000474735
0.000499933
0.000320362
0.000341482
0.000120471
0.000128996
0.000103721
9.87766e-05
0.000136348
0.000142978
9.50136e-05
9.21027e-05
0.000195413
0.000182245
0.00036328
0.000354502
0.00017089
0.000160678
0.000346554
0.000338514
0.000149811
0.000157934
9.01258e-05
8.9433e-05
0.0001683
0.000181415
9.04796e-05
9.36406e-05
0.000151295
0.000142786
0.000329823
0.000320388
0.000135516
0.000130094
0.000310656
0.000301619
0.000583062
0.000560228
0.000474501
0.000479045
0.0005425
0.000530524
0.000489324
0.000506035
0.000312534
0.000332393
0.000169836
0.000185902
0.000359649
0.000395427
0.000210687
0.000246141
0.000524462
0.00052399
0.000529454
0.000559353
0.000528343
0.00053638
0.000594955
0.000634917
0.000440453
0.000494875
0.000293918
0.000355069
0.0005581
0.000628684
0.000429715
0.00051679
0.000129682
0.000122376
0.000257884
0.000214817
0.000123226
0.000135177
0.000176277
0.000145924
0.000576494
0.000498836
0.00104867
0.000953941
0.000418712
0.000339629
0.000847306
0.000730681
0.000161197
0.000203809
0.000128064
0.000127054
0.000264574
0.000343594
0.000146562
0.000188772
0.00026669
0.00020597
0.000608783
0.000488601
0.000163561
0.00014448
0.000378368
0.000286198
0.000546673
0.000557633
0.000677384
0.000720102
0.000567656
0.000575325
0.00076062
0.000796565
0.000704312
0.000781898
0.00061389
0.000717307
0.000857828
0.000928318
0.000822274
0.000923399
0.000579619
0.00058012
0.000825964
0.000847562
0.000577178
0.000571971
0.000861078
0.000867331
0.000989866
0.0010397
0.00101524
0.00109292
0.00107617
0.00109895
0.0011527
0.00119227
0.000439156
0.000547607
0.000253722
0.000338912
0.000663526
0.000780173
0.000439277
0.000547571
0.000151611
0.000184929
0.000218628
0.000179357
0.000241144
0.000313882
0.000168439
0.000182092
0.000890179
0.000986339
0.000655099
0.000752673
0.00106237
0.00111348
0.000831615
0.000884607
0.000394355
0.000472423
0.000213177
0.000252258
0.000537842
0.00058148
0.000289054
0.000314045
0.00103364
0.000917022
0.00173575
0.00151312
0.000673554
0.000389113
0.00113565
0.000708839
0.00242464
0.00209045
0.00296486
0.00253495
0.00158563
0.00102944
0.00193073
0.0012785
0.000150876
1.97324e-05
0.00033629
9.15114e-05
1.4559e-05
0.000111504
1.64507e-06
4.62772e-05
0.000536639
0.000189457
0.000698316
0.00027663
2.1066e-05
1.3945e-05
4.99498e-05
2.77381e-06
0.0032498
0.00275749
0.00322524
0.00271399
0.00209819
0.0013985
0.00205234
0.00136102
0.00290069
0.00241535
0.00234591
0.00192459
0.00180331
0.00117428
0.00140494
0.000881857
0.000777764
0.000321996
0.000753027
0.00030951
6.80834e-05
1.41661e-06
6.47657e-05
3.79749e-06
0.000630196
0.000243424
0.000442701
0.000147995
4.29709e-05
1.21819e-05
1.92793e-05
3.71645e-05
0.000256776
0.000387604
0.000170112
0.000304479
0.000454094
0.00043498
0.000390537
0.00039705
0.000112147
0.000242865
7.92401e-05
0.00020429
0.000340396
0.000365383
0.000307813
0.000344752
0.000342654
0.000216458
0.000327686
0.000216269
0.000107044
5.73582e-05
0.00011218
6.11547e-05
0.000313991
0.000214917
0.000305656
0.000215162
0.000115911
6.46396e-05
0.000119583
6.80217e-05
6.67723e-05
0.000188703
7.23803e-05
0.000196386
0.000295306
0.000338596
0.00030471
0.000349315
9.80308e-05
0.000229197
0.000149953
0.000290377
0.000337758
0.000378404
0.000395786
0.000426082
0.000305874
0.000219311
0.000316874
0.000229007
0.00012445
7.16662e-05
0.000131469
7.59758e-05
0.000339798
0.000245005
0.000374309
0.000266835
0.000141097
8.1276e-05
0.000153045
8.76823e-05
0.0016735
0.00134181
0.00101192
0.000780412
0.000942144
0.000552407
0.000510566
0.000262627
0.000475469
0.000340443
0.00013885
8.57152e-05
0.000193435
7.77358e-05
4.15532e-05
3.44869e-05
0.000243179
6.12202e-05
8.96542e-05
2.39185e-05
1.91615e-05
9.41762e-05
6.85907e-05
0.000197228
2.94976e-05
6.69651e-05
8.54921e-05
0.00020031
0.000184234
0.000351677
0.000365217
0.000548432
2.24607e-05
3.04929e-05
9.20185e-05
0.000139161
6.1655e-05
0.000131405
0.000216348
0.000329224
0.000272266
0.000338901
0.000470828
0.000541937
0.000435852
0.000561817
0.000638537
0.000754994
0.00024809
0.000407275
0.00047651
0.000646409
0.000589367
0.000761967
0.000815857
0.000953674
0.000708989
0.00086118
0.000879879
0.000995412
0.000994387
0.00108056
0.00107903
0.00110749
0.000236071
0.000382685
0.000361491
0.000505237
0.000478364
0.000490298
0.000581192
0.000565419
0.000523415
0.000650177
0.000707434
0.000800638
0.000694109
0.000641226
0.000800353
0.000703086
0.000417906
0.000292348
0.000465171
0.000317367
0.000166022
9.49875e-05
0.000177631
0.000102689
0.000507452
0.000335797
0.00053361
0.000340626
0.000184697
0.000110333
0.000184266
0.000118315
0.000887042
0.00093147
0.00102756
0.0010135
0.000878132
0.000734034
0.000904999
0.000718975
0.00109429
0.00102104
0.00106315
0.000940913
0.000864531
0.000650372
0.00075367
0.00053381
0.000532272
0.000326069
0.000495597
0.000290642
0.000175373
0.000129058
0.000161224
0.000148155
0.000423788
0.000240338
0.000328798
0.000190434
0.000150922
0.000184623
0.000159406
0.000249111
0.000868421
0.000865259
0.000829279
0.000836639
0.00072716
0.000502516
0.000713171
0.000501923
0.000771396
0.000793895
0.000698044
0.000738221
0.00069008
0.000496336
0.000657662
0.000485003
0.000281434
0.000170017
0.000287227
0.000170976
0.000255788
0.000574803
0.000239609
0.000531769
0.00029046
0.000170197
0.000290697
0.000168063
0.000221824
0.000488184
0.000203635
0.000445521
0.000613983
0.000672349
0.000524882
0.000600131
0.000617091
0.000468257
0.000570644
0.000447324
0.000436552
0.000525936
0.000354168
0.000454023
0.000521261
0.00042404
0.000472076
0.000400536
0.000288118
0.000165004
0.000283453
0.000161589
0.000185652
0.000403997
0.000168206
0.000363156
0.000277859
0.000158588
0.000272774
0.000156998
0.000151631
0.000322398
0.00013648
0.00028143
0.00109161
0.00170044
0.00101763
0.00159848
0.0022505
0.00259138
0.00213013
0.00246675
0.000946932
0.00150791
0.000880308
0.00142772
0.00203385
0.00238205
0.00195798
0.00233054
0.00262834
0.00237316
0.0025157
0.00228899
0.00197567
0.00172451
0.00193652
0.00174864
0.00245809
0.00226792
0.00244621
0.00229939
0.00195292
0.00179526
0.00201526
0.00185835
0.000816634
0.00135442
0.00075375
0.00128313
0.00189593
0.00230262
0.00183946
0.00228676
0.000689242
0.00120862
0.000621157
0.00112621
0.00177971
0.00227049
0.00170833
0.00224145
0.00246854
0.00237246
0.00251173
0.00247502
0.002117
0.0019408
0.00225207
0.00204909
0.00256097
0.00259293
0.00260065
0.00270981
0.00241204
0.00218766
0.00258435
0.00235454
0.000281669
0.000388001
0.000221416
0.000330474
0.000425982
0.000378948
0.000385333
0.000361187
0.00017417
0.000282913
0.000139323
0.000245721
0.000351775
0.0003488
0.000326225
0.0003429
0.000269755
0.000158036
0.000270357
0.00016311
0.000123688
0.000240618
0.000114658
0.000201216
0.000276027
0.00017376
0.000288016
0.000191564
0.000111246
0.000165434
0.00011565
0.000136306
0.000115309
0.000218441
0.00010007
0.000200041
0.000308943
0.000344153
0.000299661
0.000352785
9.14691e-05
0.000189172
8.75803e-05
0.000184379
0.000297705
0.000368593
0.00030211
0.000390954
0.000307304
0.00021798
0.000334504
0.000254158
0.000130175
0.000117373
0.000156904
0.000112184
0.000369764
0.00030071
0.000412673
0.000357498
0.000197313
0.000123708
0.000251897
0.000153732
0.000548578
0.00103264
0.000472058
0.000926777
0.00161859
0.00218864
0.00150643
0.00210387
0.000393812
0.00081003
0.000317629
0.000686373
0.00137118
0.00198294
0.00121591
0.00182645
0.00261563
0.0028079
0.00259292
0.00286986
0.00275208
0.0025394
0.0028956
0.00272436
0.00252348
0.00288119
0.00240374
0.00283254
0.00299543
0.00288713
0.00303563
0.00300541
0.000248474
0.000561971
0.000191827
0.000444376
0.00104718
0.00163995
0.000874194
0.00143322
0.000152836
0.000341417
0.000135428
0.000259972
0.000707531
0.00121896
0.000557521
0.00101087
0.00223629
0.0027215
0.00202974
0.00255315
0.0030068
0.00306149
0.00290795
0.00304576
0.00179749
0.00233944
0.00155575
0.00209733
0.00274676
0.00295859
0.00253837
0.00281004
0.00158742
0.00205717
0.00262595
0.00309756
0.00240792
0.00261767
0.00338281
0.00348402
0.00367303
0.00404634
0.00454576
0.00473247
0.00418103
0.00410813
0.00465151
0.00436433
0.00269405
0.0026636
0.00343236
0.00327381
0.00256078
0.00241934
0.00305657
0.00282241
0.00388351
0.00357115
0.00395024
0.0034875
0.00322981
0.00290512
0.00304012
0.00265146
0.00510456
0.00504477
0.00528058
0.00495404
0.00471718
0.00421317
0.00439211
0.00371373
0.00508361
0.00451443
0.00459122
0.00384548
0.00377638
0.00301232
0.00303115
0.00231077
0.00363201
0.00306052
0.00303297
0.00243785
0.00256061
0.00216546
0.00197919
0.00167027
0.00234493
0.00185486
0.00180891
0.00158995
0.00157168
0.00147777
0.00165145
0.00193307
0.00226693
0.00212286
0.00260223
0.0024153
0.00199816
0.00189677
0.00227066
0.00216952
0.0026269
0.00241057
0.00234434
0.00212522
0.00226046
0.00217357
0.00199018
0.00193042
0.00181722
0.0017542
0.00210749
0.00207629
0.00169992
0.00164544
0.00206504
0.00206115
0.0021425
0.00215706
0.00193582
0.00199623
0.00220487
0.00227162
0.00210101
0.00223776
0.00188313
0.00170464
0.00149505
0.00142112
0.00161333
0.00159245
0.00141325
0.00144393
0.00152215
0.00163946
0.00233706
0.00275437
0.00176881
0.00186798
0.00309001
0.0032819
0.00162967
0.00171769
0.00149888
0.00157702
0.00185223
0.00202839
0.00168613
0.00183625
0.00192046
0.00193473
0.00331015
0.00319567
0.00193718
0.00196146
0.00299011
0.00276035
0.00392431
0.00310114
0.00321654
0.00243406
0.00234112
0.00182219
0.00187357
0.0017246
0.00258545
0.00196376
0.00211159
0.00175545
0.00174351
0.00212286
0.00199222
0.00302672
0.00166437
0.00190711
0.00209706
0.00299796
0.00250548
0.00334459
0.00433038
0.0059139
0.00319741
0.00493594
0.00493778
0.00765242
0.00718201
0.00968044
0.0109497
0.0144932
0.00182895
0.00181287
0.00172722
0.00208513
0.00258275
0.00434913
0.00341205
0.00592394
0.00176325
0.00248439
0.0018777
0.00290909
0.00433563
0.00753848
0.0051986
0.00897329
0.00717334
0.0109398
0.00966569
0.0144805
0.015361
0.0200161
0.0200162
0.0257678
0.0121237
0.0178972
0.0142529
0.0208119
0.0244466
0.0311877
0.0281854
0.0357185
0.00426765
0.00511048
0.00752094
0.00892069
0.0057345
0.00605154
0.00992111
0.0104008
0.0121225
0.0142003
0.017885
0.0207317
0.0156587
0.016336
0.022707
0.0236022
0.00603598
0.00572335
0.0103253
0.00974575
0.00519686
0.00456636
0.0087826
0.00759799
0.0161849
0.0152727
0.0233538
0.0220449
0.0137615
0.0118745
0.0198836
0.0171612
0.0244137
0.0280691
0.03115
0.0355854
0.0305796
0.0316847
0.0385928
0.0398585
0.0374454
0.042553
0.0426549
0.048247
0.0459529
0.047281
0.0518689
0.0531131
0.031302
0.0295309
0.0392806
0.0369766
0.0266287
0.0229621
0.0332568
0.0285695
0.0464187
0.0435053
0.0518517
0.0482531
0.0389098
0.0331683
0.0427522
0.0359801
0.000270483
0.000505145
0.000311976
0.000594778
0.000725964
0.000899404
0.000810684
0.000922056
0.000336666
0.000628607
0.000354588
0.000641799
0.0008233
0.000875219
0.000811055
0.000813949
0.00099317
0.000988086
0.00091473
0.000796314
0.000883372
0.000698017
0.000596033
0.000361037
0.000787255
0.000594429
0.000668882
0.000435282
0.000354291
0.000136569
0.000194073
3.01512e-05
0.000367961
0.000645897
0.000378065
0.000646149
0.000792243
0.000759298
0.000774883
0.000718878
0.000385889
0.000645421
0.000392191
0.000645305
0.000762706
0.000694893
0.000757256
0.000687211
0.000578184
0.000327293
0.000518151
0.000263346
0.00010406
8.32739e-07
6.08783e-05
3.6138e-06
0.000486659
0.000234052
0.000480507
0.000232527
4.53887e-05
8.6543e-06
4.76915e-05
5.63912e-06
0.000468415
0.000242612
0.000149155
1.90842e-05
7.20201e-05
1.88911e-06
1.9561e-05
0.000179327
1.1087e-05
3.50973e-05
1.60267e-05
0.000197747
0.000241867
0.000632519
0.0005849
0.00114641
6.2138e-05
0.00026024
0.000499761
0.000951754
0.000577649
0.000970821
0.00147789
0.00172906
0.00117282
0.00179604
0.00181326
0.00248552
0.00227457
0.00249728
0.00295217
0.00311966
8.52211e-05
0.0003861
0.000149233
0.00050766
0.000886718
0.00152592
0.00103843
0.00176132
0.000169356
0.00052045
0.000140002
0.000457546
0.00107669
0.00173072
0.000921622
0.00146048
0.00229121
0.00294796
0.00248847
0.00308425
0.00336705
0.00347121
0.00343751
0.00348529
0.00236935
0.00287676
0.00198078
0.00238724
0.00315952
0.00316674
0.00260329
0.00258814
0.000397455
0.000646491
0.00040184
0.000648894
0.000758688
0.000694489
0.00076607
0.000714473
0.000405142
0.000651702
0.00040677
0.000653407
0.000777475
0.000743938
0.000790006
0.000778493
0.000496614
0.000255072
0.000531927
0.000299962
6.63336e-05
1.96273e-07
0.000104877
1.11583e-05
0.000582783
0.000365525
0.000644148
0.000502721
0.000199522
7.01543e-05
0.000343467
0.000193914
0.000405755
0.000651858
0.000400803
0.00064438
0.000799834
0.000812464
0.00080236
0.000843148
0.000390421
0.000628007
0.000373118
0.000491127
0.000733777
0.000809392
0.000605256
0.000702201
0.000756574
0.000652809
0.000834508
0.000777343
0.000516984
0.000370064
0.000680467
0.000558635
0.000844894
0.00083652
0.000770891
0.000804583
0.000787337
0.000706382
0.000801985
0.000767211
7.93907e-05
0.000301595
1.6011e-05
0.000128901
0.000640576
0.00104147
0.000334587
0.000595074
4.85863e-06
1.68194e-05
7.87481e-05
1.39025e-05
0.000101057
0.000234907
2.7055e-06
3.52404e-05
0.00143147
0.00173539
0.000857283
0.00106489
0.00189244
0.00187041
0.00117164
0.00115283
0.000383074
0.000506261
9.1271e-05
0.000146123
0.000571297
0.000560173
0.000178038
0.000174977
0.000233444
0.000124143
0.000429246
0.000308598
5.11989e-05
1.42802e-05
0.000208695
0.000135466
0.000606568
0.000501935
0.000708642
0.000637057
0.000404984
0.000324809
0.000563561
0.000497862
4.9706e-06
1.0419e-05
8.88905e-05
6.49219e-05
1.83342e-05
2.1819e-05
5.85775e-05
6.71012e-05
0.000266495
0.000231809
0.000447299
0.000416752
0.000220839
0.000233811
0.00040925
0.000426791
0.000224566
0.0001916
0.000447746
0.000438705
0.000152016
0.000113867
0.000384854
0.000314695
0.000680834
0.00070723
0.000886543
0.000939644
0.00066854
0.000592135
0.000930586
0.000872737
8.12917e-05
5.85436e-05
0.000239732
0.00016829
4.9943e-05
5.94429e-05
0.000107977
6.58639e-05
0.000492849
0.0003827
0.000775402
0.000649385
0.000273184
0.000175472
0.000507625
0.000364497
0.00102832
0.00109557
0.00107981
0.00115071
0.00111934
0.00109631
0.0012049
0.00122458
0.00103056
0.00109895
0.000888577
0.000952641
0.00117901
0.00124277
0.00105328
0.00115748
0.00102469
0.000908788
0.00119548
0.00111212
0.000758951
0.000590151
0.00097861
0.000807299
0.00126506
0.00122983
0.00123264
0.0012532
0.00113255
0.000980148
0.00120511
0.00108792
9.00796e-05
0.000143392
4.79866e-05
5.86254e-05
0.000218888
0.000313642
9.9567e-05
0.000169496
9.98036e-05
5.45463e-05
0.000234561
0.000131059
4.51761e-05
7.33821e-05
6.43643e-05
4.05933e-05
0.000422107
0.000536228
0.00026365
0.000373839
0.000645908
0.00073985
0.000488928
0.000697501
0.000136474
0.000227245
6.0594e-05
0.000174215
0.000430048
0.000633717
0.000357608
0.000554023
0.000419932
0.000266128
0.00061644
0.000427196
0.000144506
6.66283e-05
0.000260403
0.00010329
0.000789056
0.000581969
0.00091401
0.000687921
0.000348406
0.000157934
0.000443802
0.000227059
4.23442e-05
0.000121692
3.79238e-05
7.77086e-05
0.000279922
0.000465222
0.000205201
0.000374601
5.10647e-05
4.82629e-05
8.19896e-05
3.64485e-05
0.000140442
0.00028899
9.05024e-05
0.000213877
0.000679437
0.000740103
0.000442214
0.000500406
0.000855118
0.000991983
0.000621619
0.000779599
0.0002227
0.000276196
6.50608e-05
0.000105768
0.000392196
0.000556308
0.000201179
0.000353792
0.00111501
0.00119137
0.000940093
0.00106575
0.00119782
0.00112543
0.00112507
0.00110258
0.000739839
0.000903433
0.000543635
0.000667688
0.000984017
0.00101956
0.000793584
0.000884878
3.32517e-06
1.57965e-05
5.42386e-05
1.60865e-05
7.16345e-05
0.000194054
1.15832e-05
3.60813e-05
0.000212927
9.74719e-05
0.000452433
0.000415718
5.87916e-05
1.50302e-05
0.000291071
0.000140453
0.000290595
0.000426385
0.000101286
0.00021756
0.000579922
0.000715397
0.000372798
0.000533161
1.01623e-05
7.21213e-05
3.05775e-05
6.72818e-06
0.000199309
0.000360792
7.7937e-05
0.000216724
0.000982905
0.000777266
0.00100751
0.000837698
0.000536248
0.000303839
0.000614604
0.000379437
0.00098184
0.000860411
0.000907437
0.000842043
0.000669158
0.000444795
0.000693607
0.000492468
0.000127453
4.21559e-05
0.000181518
6.24045e-05
5.75956e-05
0.000152812
4.12826e-05
0.000107172
0.000236882
9.22103e-05
0.000286414
0.000125769
3.89474e-05
7.63393e-05
4.66108e-05
5.8186e-05
0.000793378
0.000785452
0.000654522
0.000699122
0.000686315
0.000518057
0.000650507
0.000520917
0.000508424
0.000595308
0.000371692
0.000487458
0.000593415
0.000504008
0.000524618
0.000473006
0.000324561
0.000157668
0.000348287
0.000183865
5.9878e-05
4.97383e-05
7.48018e-05
4.78517e-05
0.000357384
0.000202231
0.000354159
0.000212608
8.84864e-05
4.97511e-05
9.93476e-05
5.33536e-05
5.96375e-05
5.45383e-05
4.81853e-05
0.00010015
0.000148855
0.000306413
0.000262134
0.000455437
4.63121e-05
0.000149752
5.28941e-05
0.000205347
0.000357001
0.000558429
0.000441807
0.000631492
0.000487176
0.000646925
0.000621692
0.000716218
0.000745209
0.000754356
0.000712938
0.000610232
0.000684826
0.000700564
0.00070331
0.000639445
0.000603332
0.00042381
0.000468127
0.000254638
7.00004e-05
0.000269036
9.99074e-05
0.000341494
0.000521332
0.000683935
0.000596823
0.000719788
0.000144506
0.000422088
0.000204871
0.000508871
0.000667258
0.000740118
0.000730097
0.000744488
0.000693179
0.000556647
0.000663187
0.000465982
0.000337112
0.000132981
0.000226548
7.1405e-05
0.00061826
0.000376001
0.000561618
0.000292762
0.000145347
7.27534e-05
9.85847e-05
0.000134634
0.000667193
0.000501715
0.000433992
0.000236086
0.00030132
0.000129838
8.75196e-05
6.64982e-05
0.00022161
7.61481e-05
8.83707e-05
6.55814e-05
7.25806e-05
0.000284253
0.000269132
0.000747826
6.13872e-05
0.000166064
0.00024269
0.000659924
0.000493423
0.00105662
0.00132042
0.0020061
0.000754147
0.00147866
0.00149888
0.00242743
0.00230259
0.00307124
0.00333138
0.0040682
5.55578e-05
0.000204233
0.000122779
0.000467891
0.000642151
0.00137599
0.00113374
0.00210559
0.000278176
0.000821255
0.000504273
0.00123429
0.00170849
0.00277822
0.00222516
0.00330653
0.00235869
0.00336952
0.00317754
0.00416098
0.00423813
0.0048373
0.00489403
0.00527569
0.00384006
0.00470518
0.00427872
0.00496361
0.00523134
0.00535189
0.00524695
0.0051021
0.000280856
0.000598544
0.000370744
0.000686484
0.000781775
0.000731896
0.000818145
0.000701472
0.000471001
0.000766919
0.000576194
0.000833277
0.000834973
0.000653083
0.000828535
0.000587898
0.00049602
0.000221323
0.00042454
0.000166495
8.92746e-05
0.000251702
0.000119167
0.000388999
0.00035108
0.00013317
0.000280683
0.000133574
0.000168291
0.000509424
0.00021555
0.000595647
0.000679147
0.000878748
0.000771343
0.000897035
0.000796296
0.000508881
0.000737638
0.000498839
0.00084364
0.000883271
0.000887235
0.000880205
0.000735977
0.000497464
0.000733758
0.000500023
0.000265833
0.000142448
0.000263149
0.000152724
0.000250225
0.000643304
0.000269195
0.000656593
0.000267196
0.000161177
0.000274165
0.000166895
0.000274018
0.000643817
0.000268283
0.00061399
0.000766352
0.00159853
0.000994747
0.00187124
0.00262106
0.00364662
0.00286969
0.00379532
0.0011617
0.00203754
0.0012593
0.00210419
0.00297521
0.00377965
0.00296234
0.00364343
0.00447654
0.00495154
0.00445814
0.00472324
0.00499113
0.00461236
0.00454739
0.00399303
0.00427474
0.00435299
0.00398803
0.00391696
0.00400978
0.00335301
0.00346351
0.00277933
0.00129383
0.00209097
0.00127921
0.00202264
0.00286551
0.00343484
0.00271987
0.00319728
0.00123153
0.00192295
0.00116529
0.00181111
0.00255546
0.00296438
0.00239441
0.00275845
0.00365701
0.00347994
0.00332941
0.00308819
0.00297214
0.00232572
0.00257285
0.00201094
0.00303825
0.00276833
0.00280219
0.00253043
0.00227849
0.00182506
0.00208419
0.00174056
7.61566e-05
8.4898e-05
4.07579e-05
3.92986e-05
9.57959e-05
0.000106205
3.58151e-05
3.29246e-05
0.000110962
0.000133485
0.000257442
0.000314859
0.000138487
0.000136835
0.000345201
0.000361356
0.00011571
0.000124265
3.1167e-05
3.05426e-05
0.000131958
0.000138909
3.09493e-05
3.22827e-05
0.000132921
0.000128592
0.000369414
0.000372486
0.000124693
0.000121671
0.000372356
0.000370206
0.000443742
0.000528682
0.000625868
0.000720274
0.000585477
0.000625027
0.000791985
0.000848283
0.00075988
0.000842238
0.000811151
0.000863239
0.000911305
0.000970294
0.000913176
0.000960125
0.000652226
0.000669603
0.000891183
0.000921145
0.000678769
0.000681001
0.000938421
0.000943513
0.00101784
0.00105174
0.000999617
0.00102697
0.00107027
0.0010726
0.00103857
0.00103224
0.000145194
0.000150795
3.4448e-05
3.73496e-05
0.000155554
0.000159158
4.08779e-05
4.49066e-05
0.000119819
0.000119379
0.000366951
0.000363388
0.000120582
0.000123669
0.000360265
0.000358294
0.000161136
0.000160904
4.93063e-05
5.39868e-05
0.000157853
0.000151492
5.8972e-05
7.91655e-05
0.000128903
0.00013659
0.000358145
0.000282093
9.73135e-05
7.55355e-05
0.000210453
0.000151328
0.00067749
0.000669431
0.000937294
0.000920983
0.000658027
0.000644463
0.000896059
0.000825787
0.00105886
0.00103002
0.00100733
0.000972932
0.000980603
0.000917027
0.000931676
0.000883838
0.000560525
0.000468205
0.000740295
0.000646144
0.00037614
0.000291676
0.000549777
0.000457042
0.000842653
0.000761296
0.000830261
0.000772527
0.000677077
0.000594061
0.000712809
0.000653564
0.000762973
0.000775434
0.000622644
0.00059847
0.000796779
0.000822375
0.000592419
0.000596548
0.000423506
0.000378622
0.000221917
0.000182449
0.000357549
0.000349855
0.00016704
0.00016403
0.000845339
0.000859268
0.000602521
0.000603267
0.000859266
0.00084232
0.000593591
0.000559724
0.000346902
0.000342176
0.00016584
0.000152251
0.000309396
0.000291296
0.000150771
0.000153526
8.89093e-05
8.52778e-05
9.721e-05
0.000155843
9.86292e-05
0.000117881
0.000215577
0.000333423
0.000305303
0.00043943
0.000741134
0.00111653
0.000673273
0.000878382
0.00144506
0.00168754
0.000152739
0.000190832
0.00044025
0.000519063
0.000220797
0.000238381
0.000564921
0.00058076
0.00102889
0.00111767
0.00183175
0.00188577
0.00115066
0.00114048
0.00186929
0.00180574
0.000811711
0.000784016
0.000536959
0.000521352
0.000757104
0.000729422
0.000509836
0.000500391
0.000282226
0.000278378
0.000156437
0.000157952
0.000277428
0.000278163
0.000157911
0.000156815
0.000700309
0.00066999
0.000491996
0.000484496
0.000639402
0.00060992
0.000478405
0.000474682
0.000280192
0.000283753
0.000155459
0.000154815
0.00028957
0.000298727
0.000156035
0.000160499
0.000243838
0.000239559
0.000573243
0.000549687
0.000228442
0.00021305
0.000516281
0.0004774
0.00110129
0.0010455
0.00171671
0.0016189
0.000982122
0.000916591
0.00152315
0.0014348
0.00019536
0.000176859
0.000435648
0.000392294
0.000158808
0.000142532
0.00034787
0.000302788
0.000851185
0.000785901
0.00135472
0.00128058
0.000719413
0.000650015
0.00120812
0.00113235
