0.00164959
0.00227532
0.00126316
0.00196231
0.00271593
0.00287714
0.0025473
0.00289078
0.000788866
0.00147093
0.000353312
0.000921234
0.00213093
0.00261615
0.00156909
0.00212887
0.00273405
0.00233267
0.00292956
0.00267472
0.00177217
0.00117435
0.00220113
0.00162103
0.00282816
0.00274142
0.00247346
0.00254285
0.00240065
0.00189999
0.00234947
0.00196369
6.98593e-05
0.000438281
6.48105e-06
0.000117495
0.000986463
0.00154209
0.000495092
0.000972966
0.00016765
7.01227e-07
0.000495204
6.93706e-05
0.000166174
0.000512084
1.65793e-05
0.000204581
0.00195821
0.00214574
0.00139409
0.00164788
0.00208623
0.00182396
0.00168934
0.00153756
0.000880609
0.00114816
0.00048243
0.000721767
0.00124956
0.00118217
0.000844538
0.000831609
0.00065019
0.000273261
0.00105095
0.000582014
6.69827e-05
7.88047e-06
0.000261766
9.1366e-05
0.0013519
0.000856086
0.00148619
0.00101695
0.000477176
0.000236491
0.000630181
0.000361736
4.1986e-05
0.000107665
3.66934e-05
4.78113e-05
0.000156719
0.000166944
7.90205e-05
0.000120755
0.000118033
8.42203e-05
0.000210424
0.000122749
9.04058e-05
0.000111065
0.000117648
0.000124925
0.00144273
0.00103612
0.0012572
0.000931095
0.00068112
0.000422233
0.000633571
0.000387451
0.000992012
0.000749167
0.000713075
0.000553699
0.000516184
0.000343463
0.000404478
0.000300891
0.000233222
0.00016004
0.000245161
0.000194642
0.000153206
0.000153112
0.000193129
0.000190266
0.000251232
0.000227882
0.000257445
0.000262499
0.000236367
0.00023417
0.000283572
0.000284532
0.00088737
0.000256136
0.00122976
0.00047001
1.29023e-05
4.73311e-05
9.02238e-05
1.1316e-06
0.00142869
0.000626695
0.00143683
0.000674134
0.000178241
1.19674e-05
0.000225444
3.28465e-05
0.000220714
0.000407017
7.91382e-05
0.000205975
0.000522578
0.000537936
0.000298953
0.000316234
2.00892e-05
9.5857e-05
3.59337e-06
2.94904e-05
0.000144373
0.000172114
6.28681e-05
9.14357e-05
0.00126367
0.000605299
0.000968094
0.000454615
0.000213162
3.81851e-05
0.000155229
4.58262e-05
0.000636018
0.000279957
0.00035047
0.00015752
0.000111557
3.28143e-05
6.30477e-05
2.41054e-05
2.60308e-06
7.22118e-06
5.73369e-06
1.66205e-06
2.74929e-05
5.28604e-05
1.39928e-05
3.58491e-05
4.54952e-06
7.17271e-07
1.06758e-05
7.09241e-06
8.86487e-06
2.75293e-05
1.00997e-05
2.47035e-05
0.00047619
0.000389687
0.000299067
0.000267636
0.000311769
0.000268512
0.000245788
0.000251501
0.000182398
0.000188801
0.00011615
0.000146249
0.000207724
0.000250531
0.000192743
0.000261941
0.000269031
0.000301149
0.000288983
0.00034512
0.000335745
0.000341615
0.000393041
0.000405038
0.000317204
0.000393523
0.000350462
0.000443097
0.00045397
0.000472985
0.000515123
0.000541927
8.40101e-05
0.000127915
6.94757e-05
0.000121219
0.000192053
0.000279122
0.000196402
0.000295155
6.17858e-05
0.000118246
5.91181e-05
0.000120028
0.000200655
0.000306912
0.000209101
0.000321313
0.000383284
0.000488735
0.000409918
0.000524838
0.000571461
0.000606869
0.000617134
0.000662013
0.000427911
0.000548097
0.000445194
0.000564745
0.000647094
0.000701653
0.000662362
0.000721387
0.00284829
0.00199494
0.00157391
0.00107441
0.00129584
0.000801055
0.000676451
0.000403777
0.000913913
0.00059639
0.000797452
0.000513189
0.000361023
0.000213066
0.000314957
0.000198805
0.000534454
0.000486951
0.000266128
0.0002553
0.000615593
0.000850098
0.000344131
0.000489829
0.000149744
0.00015951
0.000153385
0.000162207
0.000222207
0.000311074
0.000205705
0.000263405
0.00108882
0.000728819
0.00161136
0.00111527
0.000470904
0.000311193
0.000739513
0.000488137
0.00217911
0.00153541
0.0026298
0.00186797
0.00102513
0.000665634
0.00124356
0.000789446
0.00023499
0.000221355
0.000348384
0.000296623
0.000247322
0.000291247
0.000304549
0.000344334
0.000450311
0.000354932
0.000507585
0.00037476
0.000345379
0.000384879
0.000351409
0.00039098
0.00110639
0.00130448
0.000641844
0.000752843
0.00138619
0.00132782
0.000789907
0.000742399
0.000397006
0.000454492
0.000316452
0.000350395
0.000467587
0.000433737
0.000357522
0.000337722
0.00114354
0.00087838
0.00062354
0.000464592
0.000592355
0.000341053
0.000303222
0.000169568
0.000363552
0.000276011
0.000297026
0.00022285
0.000181981
8.88191e-05
0.000135429
5.56885e-05
0.000335193
0.000366331
0.000392078
0.000429451
0.00037734
0.000365644
0.000443783
0.000409096
0.000439437
0.000481051
0.000448012
0.000486908
0.00048406
0.000432436
0.000478237
0.000411405
0.000305968
0.000217554
0.000328979
0.000219515
0.000120442
4.05079e-05
0.000108466
2.85874e-05
0.000331454
0.000204472
0.000297288
0.000165814
8.71573e-05
1.82658e-05
5.8351e-05
1.6638e-05
0.00285228
0.00202919
0.00280216
0.00198588
0.00133774
0.000825389
0.00128747
0.000765388
0.0025021
0.00175656
0.00202739
0.00140057
0.00111025
0.000627202
0.000852749
0.000447441
0.000502843
0.000348577
0.000437204
0.000282704
0.000318299
0.000356466
0.000253752
0.000280262
0.000328545
0.000194231
0.000205372
0.000101427
0.000162181
0.000179083
7.26347e-05
8.10169e-05
0.00148067
0.000998156
0.000963236
0.000627375
0.000575381
0.000269678
0.000334435
0.000149355
0.000550556
0.000344437
0.000278446
0.000165263
0.000178466
8.74621e-05
0.000109331
9.27683e-05
0.000107625
3.29911e-05
5.0556e-05
1.00988e-05
1.24471e-05
1.75428e-05
3.73299e-06
1.37862e-05
4.86664e-05
4.26987e-05
0.000101225
0.000124916
5.55283e-05
7.89491e-05
0.000158484
0.000200009
0.000407834
0.000436545
0.000319977
0.000336542
0.00041652
0.000342083
0.000309839
0.000239742
0.000205094
0.000211704
9.59596e-05
9.86215e-05
0.000186327
0.000133568
8.36689e-05
5.85593e-05
0.000229288
0.000112028
0.000145585
6.14712e-05
3.34885e-05
3.429e-05
2.7895e-05
8.02941e-05
7.32951e-05
3.59172e-05
4.08696e-05
5.42348e-05
5.52237e-05
0.000158447
0.000123135
0.000265345
2.84485e-05
3.54913e-05
3.02249e-05
5.01458e-05
3.87276e-05
4.6055e-05
7.61551e-05
0.000114194
0.000109849
0.000148693
0.000249554
0.000307635
0.000197683
0.000259042
0.00037395
0.000446578
7.04982e-05
0.000127278
0.000171389
0.000254452
0.00023088
0.000390462
0.00036894
0.00051801
0.000333781
0.000421289
0.000521764
0.000594282
0.000520107
0.000630032
0.000658366
0.000709803
0.00163342
0.00226883
0.00125337
0.00196218
0.00272107
0.0028927
0.0025591
0.00291335
0.000786831
0.0014786
0.000356911
0.000934985
0.00215069
0.00264673
0.00159532
0.00216603
0.0027565
0.00235745
0.00295915
0.0027064
0.00179498
0.00119222
0.00223019
0.00164416
0.0028655
0.00278016
0.00251707
0.00258708
0.00243567
0.00192768
0.00238878
0.00199422
7.40115e-05
0.0004537
4.60281e-06
0.000128728
0.00101523
0.00158224
0.000521118
0.00101128
0.000153573
2.18263e-06
0.000465038
5.75094e-05
0.000184367
0.000543887
2.35368e-05
0.000226615
0.00200475
0.00219233
0.00143915
0.00169285
0.00212694
0.00185475
0.00172797
0.00156571
0.000919905
0.00118768
0.000512906
0.000753128
0.00128286
0.00120519
0.000870341
0.000848106
0.000661982
0.000279699
0.00106686
0.000591455
7.01166e-05
1.03087e-05
0.000266976
9.52057e-05
0.00137088
0.000867207
0.00150652
0.0010281
0.000482934
0.000240092
0.000634998
0.000363837
4.60292e-05
0.000114722
4.17277e-05
5.55883e-05
0.000166955
0.000179355
8.97331e-05
0.000133806
0.000122368
9.1086e-05
0.000213101
0.00012962
0.000101536
0.000123821
0.000128777
0.000136963
0.00146221
0.00104558
0.00127365
0.000937524
0.000683835
0.00042229
0.000633738
0.000386288
0.00100387
0.000752059
0.00071994
0.000553704
0.000514365
0.000342433
0.00040245
0.000301751
0.000235341
0.000167104
0.000247527
0.000202586
0.000164427
0.000164514
0.000204986
0.0002015
0.000255116
0.000237755
0.000264356
0.000275488
0.000249688
0.000245912
0.000299252
0.000297449
0.00084078
0.00023046
0.00117028
0.00043342
7.91854e-06
5.8661e-05
7.54876e-05
3.28129e-06
0.00136298
0.000584735
0.00137304
0.000633448
0.000158135
8.26858e-06
0.000205138
2.71973e-05
0.000241317
0.000429255
9.09057e-05
0.000219933
0.000540294
0.000547986
0.000309581
0.000321581
2.55622e-05
0.000103659
5.75696e-06
3.31869e-05
0.000150061
0.000175226
6.61905e-05
9.44942e-05
0.00120931
0.000571724
0.000928103
0.000431491
0.000196947
3.36562e-05
0.000145153
4.25532e-05
0.000611494
0.000267222
0.000338566
0.000151969
0.000106179
3.08587e-05
5.98167e-05
2.09007e-05
2.81192e-06
9.23947e-06
5.68484e-06
3.01317e-06
3.02728e-05
5.71116e-05
1.67131e-05
4.12862e-05
3.78313e-06
7.2698e-07
7.07224e-06
4.21778e-06
1.07275e-05
3.31704e-05
1.001e-05
2.96202e-05
0.000479183
0.000388882
0.000300478
0.000268288
0.000311628
0.000273106
0.000249527
0.00026139
0.000184524
0.000192852
0.000120694
0.000154843
0.000216797
0.000266639
0.000207708
0.00028429
0.000280426
0.000318312
0.00030595
0.000367134
0.000354516
0.000356172
0.00041527
0.000421356
0.000340188
0.000420478
0.000379076
0.000474369
0.000479524
0.000490769
0.000543313
0.000560487
9.16218e-05
0.000141094
7.96367e-05
0.00013793
0.000212378
0.000306707
0.000220526
0.000326017
7.32021e-05
0.000136766
7.07e-05
0.00013882
0.000226378
0.000338425
0.000234259
0.00035063
0.000416224
0.000522951
0.000445019
0.000559896
0.000601056
0.000625207
0.00064641
0.000678954
0.000462298
0.000581186
0.000475413
0.000592062
0.000673782
0.00071595
0.000682947
0.000731338
0.00281665
0.00197886
0.00155419
0.00106635
0.00129161
0.000804873
0.00067646
0.00040837
0.000901456
0.000592274
0.000787199
0.000508734
0.000361913
0.000215877
0.000313379
0.000197543
0.000543113
0.000498277
0.000272424
0.00026138
0.000628573
0.000864659
0.00034914
0.000493813
0.000152024
0.000159709
0.000150522
0.000156655
0.000219757
0.000306263
0.000197263
0.000252668
0.00107634
0.00072041
0.00159371
0.0011007
0.000464213
0.000304295
0.000726342
0.000475137
0.00215534
0.00151429
0.00260096
0.00184175
0.0010057
0.000647343
0.00121963
0.000767839
0.000226576
0.000210855
0.000334881
0.000282558
0.00023493
0.000277847
0.000290473
0.000331326
0.00043307
0.000339119
0.00048867
0.000359214
0.000331797
0.000374648
0.000340121
0.000384922
0.00112291
0.00132321
0.000645374
0.000756565
0.00140677
0.00134905
0.000794165
0.000747076
0.000390704
0.00044779
0.000304591
0.000338875
0.000461501
0.00042904
0.000347832
0.000331174
0.00116363
0.000895434
0.000628179
0.000468743
0.000605104
0.000349359
0.000306824
0.000173843
0.000360794
0.00027564
0.000294637
0.000224965
0.000184717
9.29234e-05
0.000140661
6.16216e-05
0.000322171
0.000355337
0.000381575
0.000423007
0.000370009
0.000363333
0.000442769
0.000413771
0.000433818
0.000481185
0.000448029
0.000493282
0.000490286
0.000444035
0.000490341
0.000427768
0.000308884
0.000224659
0.000338514
0.000231939
0.000129509
4.83347e-05
0.000120717
3.68014e-05
0.000346693
0.000220576
0.000315521
0.000182617
0.000100424
2.4452e-05
6.96933e-05
1.82622e-05
0.00282106
0.00200074
0.00277211
0.00195879
0.00131221
0.000803213
0.00126372
0.000745549
0.00247681
0.00173426
0.0020096
0.00138555
0.0010913
0.000612084
0.000840598
0.000438339
0.000484659
0.000335169
0.000421977
0.000272783
0.000310463
0.000354829
0.000249662
0.000281806
0.000317795
0.000188283
0.000199525
9.8796e-05
0.000160764
0.00018162
7.24228e-05
8.25376e-05
0.00147174
0.000991466
0.000962926
0.000628453
0.000570579
0.000266515
0.000336039
0.000152186
0.000557193
0.0003514
0.00028949
0.00017703
0.00018627
9.46914e-05
0.000120537
0.000102627
0.000106495
3.28049e-05
5.32828e-05
1.17892e-05
1.24037e-05
1.71508e-05
3.89882e-06
1.23188e-05
5.43675e-05
4.64275e-05
0.000109474
0.000131738
5.72862e-05
7.90343e-05
0.000164344
0.000205456
0.000412457
0.000446893
0.000326661
0.000347486
0.000431425
0.000359651
0.000323697
0.000254578
0.000210887
0.000219874
9.86239e-05
0.00010183
0.000195693
0.000142492
8.66431e-05
6.01608e-05
0.000246829
0.000126077
0.000158789
6.97758e-05
4.00449e-05
2.94428e-05
2.76593e-05
6.82463e-05
7.95636e-05
3.67604e-05
3.94721e-05
4.77335e-05
4.76089e-05
0.000139923
0.000109239
0.000242485
2.74452e-05
3.36835e-05
2.7247e-05
4.58196e-05
3.57978e-05
4.13814e-05
7.04927e-05
0.000106912
0.000108664
0.000146553
0.000255028
0.000313315
0.000194663
0.000254893
0.000379672
0.000451837
6.30424e-05
0.000115604
0.000161845
0.000241696
0.000213432
0.000366499
0.000351982
0.000496747
0.000327934
0.000412955
0.000525788
0.000596168
0.000508518
0.000615282
0.000657248
0.000705176
0.0101081
0.00755178
0.013354
0.00986448
0.00529768
0.00362305
0.00690846
0.00476119
0.0164364
0.0120455
0.0191353
0.0139416
0.0084326
0.00586222
0.00975998
0.0068408
0.00257992
0.00204626
0.00344632
0.00279477
0.00180898
0.00165156
0.00253575
0.00239305
0.00432693
0.00361072
0.00514816
0.00442444
0.00338505
0.0033122
0.0042886
0.00434416
0.0212737
0.0154299
0.0227202
0.0164199
0.0108005
0.00762198
0.0114861
0.00814486
0.0233913
0.0168548
0.0232534
0.0167138
0.0117739
0.00836788
0.0116485
0.00827388
0.00583703
0.0051566
0.00632719
0.00572638
0.00515732
0.00539163
0.0058913
0.00633565
0.00656749
0.00606404
0.00653059
0.00612394
0.00639616
0.00705515
0.00660115
0.00744999
0.00142291
0.00107257
0.00216302
0.00175798
0.000648421
0.000263593
0.00120957
0.000637177
0.00313161
0.00271184
0.00427273
0.00389448
0.00206082
0.00129764
0.00318635
0.00225894
4.6431e-05
9.06627e-05
0.000194897
1.44825e-05
0.000420615
0.000980584
0.000160848
0.000611447
0.000598331
0.000132949
0.00130327
0.000523995
1.1944e-05
0.000255045
7.78565e-05
3.23589e-05
0.00548665
0.00521264
0.0066401
0.00652731
0.00450958
0.00347093
0.00589701
0.0048177
0.00758764
0.00767541
0.0081991
0.00850023
0.0071782
0.00613394
0.00817745
0.00723575
0.00229347
0.00120908
0.00348173
0.00213799
0.000417063
3.37456e-05
0.00102064
0.000291178
0.00472076
0.00319299
0.00583104
0.00421165
0.00180883
0.000767166
0.00264735
0.00136354
0.0223248
0.0160128
0.0206752
0.0148044
0.011124
0.00787288
0.0102425
0.0072014
0.0184242
0.013175
0.0157348
0.0112408
0.00907144
0.00631828
0.00769785
0.00529772
0.00621847
0.00589412
0.00566301
0.00539949
0.00647379
0.00746137
0.00602706
0.00708415
0.00492133
0.00469764
0.00406686
0.00386845
0.00531708
0.00636789
0.00443214
0.0054067
0.0128036
0.00913999
0.00984568
0.00702279
0.00622185
0.00422111
0.00474869
0.00316889
0.00707546
0.00503896
0.00468399
0.00332301
0.00338014
0.00221323
0.00220533
0.00141217
0.00317861
0.00300019
0.00233066
0.00217548
0.00347601
0.00432061
0.00254972
0.00323332
0.00158391
0.00145996
0.000980778
0.000895471
0.00173582
0.00225156
0.0010882
0.00145004
0.00838574
0.00888283
0.00811853
0.00876642
0.00874919
0.00795825
0.00880817
0.00819056
0.00743386
0.00816781
0.00642571
0.00717329
0.00834692
0.00789911
0.00743656
0.00713404
0.00663865
0.00502269
0.00701327
0.0054852
0.00337919
0.00194742
0.00386291
0.00238675
0.00689675
0.00552101
0.00631507
0.00513185
0.00400721
0.00258508
0.00379225
0.00250588
0.00522645
0.00592041
0.00398146
0.00457072
0.00621114
0.00601734
0.00483993
0.00471629
0.00282345
0.00327987
0.00185214
0.002172
0.00349457
0.00340915
0.00231877
0.00225124
0.0053712
0.00439718
0.00422106
0.00345387
0.00327243
0.0021795
0.00256026
0.00169161
0.00303932
0.00246338
0.00198326
0.00157515
0.00179627
0.00115659
0.00111333
0.00068421
0.0018865
0.00239261
0.00170167
0.00193667
0.00316694
0.00408773
0.0023793
0.00293619
0.00162899
0.00171474
0.00157871
0.00160669
0.00197674
0.00234289
0.00179944
0.00210262
0.005042
0.00593302
0.00352167
0.00406291
0.00668394
0.00723886
0.00450264
0.00480048
0.00274571
0.00312534
0.00246228
0.00282548
0.0034317
0.00362682
0.0031417
0.00336625
0.00146122
0.00148412
0.00123194
0.00126541
0.00167115
0.00198503
0.00146413
0.00180887
0.000910978
0.000943682
0.000574412
0.000583217
0.00113599
0.00148806
0.000732375
0.00104165
0.00238453
0.00282219
0.00227314
0.00281729
0.00324434
0.00359498
0.00338629
0.00391311
0.00199147
0.00261933
0.00152389
0.00217079
0.00332064
0.00402195
0.00294301
0.00376861
0.00756209
0.00763661
0.00493327
0.00489427
0.00746192
0.00705214
0.00469132
0.004344
0.00368716
0.00360513
0.00346504
0.00341951
0.00338904
0.00306088
0.00322973
0.00291437
0.00643456
0.00564882
0.00388038
0.00333406
0.00474643
0.00378957
0.00274183
0.00214217
0.00265226
0.0021994
0.00250721
0.00205088
0.00173827
0.00130104
0.00158949
0.00116198
0.00382308
0.00389122
0.00432774
0.00456946
0.00378295
0.00350639
0.00459891
0.0044064
0.00463686
0.00508108
0.00455148
0.00518788
0.0052891
0.00522778
0.00558686
0.00568901
0.00309279
0.00259034
0.00401403
0.00347104
0.00205489
0.00154003
0.00284375
0.00220288
0.00490315
0.00435882
0.00547877
0.00498709
0.00366664
0.00291221
0.00428421
0.00346488
0.000323781
0.000290036
0.0002466
0.000169176
0.000359831
0.000570606
0.000140877
0.000212096
0.000382339
0.000284011
0.000705315
0.000630795
0.000167069
8.73447e-05
0.000464715
0.000258715
0.00095794
0.00153723
0.000439826
0.000865909
0.00228883
0.00315204
0.00149711
0.0022937
0.000118553
0.000328326
9.53136e-05
6.34243e-05
0.000753686
0.00138374
0.000230284
0.000618427
0.00112971
0.00113586
0.00153456
0.00167546
0.000982958
0.000707889
0.0016065
0.00133987
0.00180029
0.00211124
0.00184504
0.00232998
0.00218785
0.00200977
0.00258842
0.00256314
0.000391671
0.000136434
0.000943719
0.000522781
3.54058e-05
0.00014496
0.000188304
2.66094e-05
0.00162158
0.00111884
0.00226655
0.00177394
0.000620266
0.00023449
0.00119979
0.000664881
0.00403076
0.0048097
0.00317064
0.00401166
0.00537719
0.00564849
0.00469259
0.00510795
0.00215518
0.00296227
0.00119472
0.00187479
0.00367889
0.00418651
0.00254171
0.00307357
0.00558352
0.00519471
0.00519363
0.00494012
0.00454326
0.00372537
0.00439322
0.00364268
0.00440081
0.00428999
0.00337243
0.00338685
0.00388035
0.0032484
0.00312229
0.00263735
0.000467069
0.000947146
7.54648e-05
0.000314921
0.00148768
0.00197349
0.000674715
0.00105545
3.15354e-05
2.68607e-05
0.000264426
4.61128e-05
0.000181889
0.000419817
3.75107e-06
8.69183e-05
0.00230122
0.00240483
0.00135688
0.00150489
0.00227036
0.00193634
0.00146955
0.00126968
0.000651065
0.000800188
0.000222298
0.000339117
0.000826148
0.000730305
0.000390394
0.000363633
0.0101695
0.00758139
0.0133936
0.00987683
0.00531071
0.0036365
0.0069112
0.00477223
0.0164573
0.0120451
0.0191455
0.0139358
0.0084295
0.00587427
0.00975672
0.00685714
0.00260759
0.00209547
0.00347914
0.00285552
0.00187945
0.0017364
0.00262248
0.002497
0.00436681
0.00368329
0.0051957
0.00450689
0.00348691
0.00343314
0.00440147
0.00447633
0.0212828
0.0154266
0.0227372
0.0164255
0.0108022
0.00764456
0.0114962
0.00817388
0.0234228
0.0168736
0.0233028
0.0167473
0.0117939
0.00840204
0.0116782
0.00831089
0.00589093
0.00524458
0.00638439
0.00581387
0.00527428
0.00552618
0.00600383
0.00646217
0.00662396
0.00614453
0.00658222
0.00619174
0.00649572
0.00716361
0.0066808
0.00753261
0.00151115
0.00115234
0.00227141
0.00185738
0.000710014
0.000301576
0.00128907
0.000690621
0.00325752
0.00282819
0.00440939
0.00402067
0.00215592
0.00136489
0.00329012
0.00233365
6.05153e-05
8.52408e-05
0.000221744
1.93126e-05
0.000403251
0.000959953
0.000151743
0.000597778
0.000637067
0.000147951
0.00134842
0.000544667
1.17021e-05
0.000249445
8.29155e-05
3.20751e-05
0.00562401
0.00533806
0.00676653
0.00663982
0.0046115
0.00354315
0.005985
0.0048759
0.0076922
0.0077637
0.00827358
0.00855609
0.0072411
0.00616753
0.00820739
0.00723744
0.00233598
0.00122741
0.00351093
0.00214438
0.0004205
3.2855e-05
0.00101395
0.000282203
0.00472689
0.00317864
0.0058076
0.00417085
0.00178418
0.000743181
0.00259979
0.0013202
0.0223919
0.01606
0.0207569
0.0148621
0.0111613
0.00791008
0.0102847
0.00723627
0.018515
0.0132388
0.0158277
0.0113052
0.009115
0.00634871
0.00773926
0.00532222
0.00626193
0.00594541
0.00569626
0.00543281
0.00652942
0.00751398
0.00605791
0.00710675
0.00494374
0.00471389
0.00407907
0.00387041
0.00532556
0.00636437
0.0044231
0.00538379
0.0128918
0.0091998
0.0099233
0.00707375
0.00625798
0.00423884
0.00477721
0.0031797
0.00713843
0.00507837
0.00473078
0.00335011
0.00339989
0.00221768
0.00221652
0.00141152
0.00318219
0.00299181
0.00232771
0.00216107
0.00345562
0.00428647
0.00252433
0.00319609
0.00157675
0.00144355
0.000971758
0.000880392
0.001711
0.00221803
0.00106808
0.00142488
0.00842617
0.00890269
0.00812574
0.00875198
0.00874321
0.00792576
0.00876876
0.00812711
0.00741308
0.00812549
0.00638533
0.00711282
0.00828148
0.00781281
0.00735584
0.00703626
0.006584
0.0049544
0.00693121
0.00539356
0.00330811
0.00188436
0.00377252
0.00230796
0.00679579
0.00541459
0.00620675
0.0050219
0.00390576
0.00249816
0.0036903
0.00242032
0.00517632
0.00585294
0.0039311
0.00450674
0.00612713
0.00592042
0.0047636
0.0046312
0.00278054
0.00322751
0.00182155
0.00213595
0.00343407
0.00334359
0.00227825
0.00220848
0.00526772
0.0042953
0.00413292
0.0033696
0.00318053
0.00210445
0.00248663
0.00163368
0.00297332
0.00240231
0.00194152
0.00153803
0.00174502
0.00111836
0.0010838
0.000663748
0.00188992
0.00242156
0.00164712
0.00190214
0.0032
0.00410849
0.00234829
0.00289682
0.00153793
0.001639
0.00147455
0.00151328
0.00190367
0.00226409
0.00170708
0.00200542
0.00503964
0.00590219
0.0034669
0.00399008
0.00662408
0.00715328
0.00441276
0.00469725
0.00265692
0.00302588
0.00235793
0.00271464
0.00332368
0.00351418
0.0030272
0.00325213
0.00136485
0.00139395
0.0011584
0.00119385
0.00157966
0.00188806
0.00138861
0.00172632
0.000867708
0.000898992
0.000561203
0.000566455
0.00108507
0.00142843
0.00070808
0.0010076
0.00228102
0.00271357
0.00218313
0.00272152
0.00313376
0.00348648
0.00328792
0.00381601
0.00192285
0.00254327
0.00147957
0.00211728
0.00323999
0.00394023
0.00288257
0.00370423
0.00745689
0.00751951
0.00482208
0.00478126
0.00734125
0.00693586
0.00458258
0.0042449
0.00357472
0.00349782
0.00335571
0.00331906
0.00329125
0.00297605
0.0031414
0.00284029
0.00632946
0.00555992
0.00379512
0.00326529
0.00467662
0.00373951
0.00269054
0.0021077
0.0025826
0.00214579
0.00244828
0.00200682
0.0017003
0.0012771
0.00155902
0.00114296
0.00372078
0.00379866
0.00423575
0.00448582
0.00370269
0.00343983
0.00452586
0.00434504
0.00455762
0.00500735
0.00448634
0.00512484
0.00522305
0.00517052
0.0055281
0.00563585
0.00304012
0.00255071
0.00396435
0.00343208
0.00202663
0.00152092
0.00281391
0.00218018
0.00485479
0.00431867
0.00543166
0.00494577
0.00363345
0.00288448
0.00424795
0.00343277
0.000334212
0.000296295
0.000270528
0.000189792
0.0003586
0.000559693
0.000155468
0.00021842
0.000408819
0.000309211
0.000725279
0.000652183
0.000188893
0.00010352
0.000486108
0.000277879
0.000936411
0.00150543
0.000436404
0.000852251
0.00224824
0.00310496
0.00147378
0.0022622
0.000127054
0.000327804
0.00010975
7.09896e-05
0.000743759
0.00136506
0.000229688
0.000609489
0.00113784
0.00114823
0.00153001
0.00167758
0.000998881
0.000725269
0.00161537
0.0013536
0.00178616
0.00210552
0.0018269
0.0023212
0.00219134
0.00202087
0.00259045
0.00257462
0.00040765
0.000148183
0.000959224
0.000536665
4.08186e-05
0.000143095
0.000197767
3.00483e-05
0.00163701
0.00113478
0.00228409
0.00179332
0.000633323
0.000242517
0.00121714
0.00067761
0.00397989
0.00475769
0.00313312
0.00397048
0.00532628
0.00560024
0.00465001
0.00506578
0.00212927
0.0029312
0.00117834
0.00185269
0.00364485
0.00415149
0.002516
0.00304637
0.0055388
0.00515376
0.00515312
0.00490197
0.0045059
0.00369124
0.00435771
0.00360987
0.00436638
0.00425718
0.0033455
0.00336145
0.00384978
0.00322037
0.00309917
0.00261684
0.000458249
0.000932754
7.27045e-05
0.00030706
0.00146974
0.00195418
0.000663697
0.0010435
3.39524e-05
2.4557e-05
0.000271637
4.85695e-05
0.000176773
0.000414185
3.3945e-06
8.61615e-05
0.00228243
0.00238793
0.00134598
0.00149641
0.00225607
0.00192483
0.00146409
0.00126711
0.000646971
0.000798977
0.000223298
0.000343214
0.000828237
0.000735223
0.000397841
0.000373641
0.0135719
0.0134795
0.0129936
0.0134069
0.0129827
0.0121468
0.0134278
0.0130217
0.0117122
0.0124305
0.00992839
0.0108002
0.0129215
0.0129904
0.0116157
0.0120838
0.0110464
0.00976802
0.0122494
0.0111964
0.00840423
0.00704545
0.00995812
0.00863097
0.0126274
0.0118907
0.0121133
0.0117142
0.0108683
0.00965977
0.0109511
0.0099173
0.00786436
0.00878639
0.00576301
0.00665536
0.00978244
0.0105298
0.00770853
0.00861213
0.00386216
0.00465143
0.00236624
0.00297583
0.00565683
0.00660535
0.00384124
0.00473818
0.010875
0.0107767
0.00917491
0.00931132
0.0102677
0.00942626
0.0090207
0.00836264
0.00728786
0.00758453
0.00545246
0.00583844
0.00746412
0.00696655
0.00583823
0.00547315
0.00577158
0.00464523
0.00730457
0.00605464
0.0037072
0.00297476
0.00493798
0.00398995
0.00836458
0.00707226
0.00871636
0.00744867
0.00585593
0.00476834
0.00620183
0.00504429
0.00244296
0.00208865
0.00322462
0.00263751
0.00187658
0.00176682
0.00221021
0.00176672
0.00384071
0.00308419
0.00402252
0.00297311
0.00226287
0.00179103
0.00222295
0.00176855
0.0083542
0.00715853
0.00743265
0.00634077
0.00593823
0.00477501
0.00519431
0.00406603
0.00617909
0.00521228
0.00482167
0.00404308
0.00421342
0.00327186
0.00323855
0.0024812
0.00362664
0.0027077
0.0030836
0.00229859
0.00204571
0.00163774
0.00173198
0.00138139
0.0024551
0.0018041
0.00182834
0.00131082
0.00133316
0.00103865
0.000934751
0.00069209
0.00142144
0.00176763
0.00109825
0.00109178
0.00240974
0.00317329
0.00143599
0.00199926
0.00138385
0.000936541
0.00218559
0.00122124
0.000920647
0.0012338
0.000802252
0.000836393
0.00384469
0.00425777
0.0025679
0.00295686
0.00433137
0.00406982
0.00306372
0.0028517
0.00165609
0.00198201
0.00108722
0.00120806
0.00200232
0.00190691
0.00127723
0.00124811
0.00334557
0.00181351
0.00466441
0.0025537
0.000976198
0.000728089
0.00131886
0.000979383
0.00593154
0.00328306
0.00695762
0.00528923
0.00234985
0.00162328
0.0037293
0.00254233
0.00074427
0.000814536
0.000802275
0.000755765
0.000872771
0.000860421
0.000755722
0.000720084
0.00118182
0.000976549
0.00180045
0.00142332
0.000891318
0.000809099
0.00125075
0.00112026
0.00356983
0.0029778
0.00251292
0.00208549
0.00235821
0.00177804
0.00163223
0.00121638
0.00169234
0.00139623
0.00111279
0.000906059
0.00108091
0.000808622
0.000690545
0.000530709
0.00128617
0.000903557
0.000880549
0.000636406
0.000626037
0.000437031
0.000467905
0.00034575
0.000618742
0.000515607
0.000466982
0.000500248
0.000471041
0.000439913
0.000592187
0.000680831
0.000757902
0.000593809
0.000609451
0.000441843
0.000431476
0.000341066
0.000280874
0.000205713
0.000661928
0.000451768
0.000926479
0.000648769
0.000240856
0.000119754
0.000344725
0.000116992
0.000369549
0.000520317
0.000276075
0.000505559
0.000749619
0.000980617
0.000852414
0.00123027
0.000166972
0.000414956
6.77121e-05
0.000256569
0.000833519
0.00133528
0.000675542
0.00124712
0.0130229
0.0115342
0.0120821
0.00934372
0.00960024
0.0074283
0.00659914
0.00420559
0.0109148
0.00738611
0.00956938
0.00566764
0.00434197
0.00230012
0.00282344
0.00163724
0.00527003
0.00338221
0.00242818
0.00147608
0.0019923
0.00126902
0.00147828
0.00246255
0.00150567
0.00205423
0.00228544
0.00469631
0.00390632
0.00689003
0.00861164
0.0136242
0.00813418
0.00422895
0.00670538
0.00311729
0.00199067
0.00201756
0.00177782
0.00320656
0.00537353
0.00236301
0.00421386
0.00196812
0.0020957
0.00494938
0.00282667
0.00697922
0.00436579
0.00875703
0.00729677
0.013544
0.0146872
0.0215041
0.0211974
0.029378
0.0106264
0.0183977
0.013927
0.0227392
0.0272911
0.0362445
0.0322693
0.0413365
0.0013
0.00207939
0.00434614
0.00694037
0.00350712
0.00540041
0.00996889
0.013098
0.0107132
0.0149893
0.019218
0.0248186
0.019276
0.0231225
0.0298506
0.0337981
0.00751656
0.00958455
0.015976
0.0182765
0.0113418
0.0125711
0.0197415
0.0169251
0.0261211
0.027956
0.0362621
0.0343129
0.0252424
0.0211159
0.0302022
0.0248346
0.0284797
0.0348843
0.0371825
0.0437788
0.0400603
0.04349
0.0484905
0.0498463
0.0442376
0.050403
0.0488765
0.0540724
0.053794
0.0539177
0.0562794
0.0554296
0.0429583
0.03962
0.0479974
0.0434837
0.0342578
0.0278274
0.0371311
0.0299013
0.0510068
0.0456401
0.0518012
0.0459637
0.0386373
0.0309295
0.0386915
0.0308552
0.00327894
0.00190262
0.00259444
0.00210657
0.00382801
0.0090306
0.00494187
0.0108572
0.00215815
0.00249675
0.00194241
0.00297672
0.00600946
0.0122518
0.0068873
0.0130645
0.0168197
0.0261043
0.0189984
0.0281703
0.0356278
0.0441675
0.0370813
0.0440212
0.0202505
0.0287733
0.0204731
0.0262727
0.0354494
0.0410407
0.0315624
0.0359106
0.00189973
0.0034491
0.00197096
0.00382836
0.00746305
0.0132178
0.00766886
0.0108719
0.00209476
0.00405247
0.0022173
0.00312705
0.00600112
0.00825761
0.00440565
0.00589177
0.0177731
0.0222363
0.0142439
0.0175046
0.0262489
0.0295036
0.0204038
0.0227304
0.0106084
0.0128574
0.00743133
0.00888802
0.0148351
0.0164024
0.0101488
0.0111258
0.0506099
0.0546068
0.0491959
0.0521706
0.055857
0.0543569
0.0527345
0.050912
0.0450778
0.0472399
0.0389745
0.0405198
0.0473757
0.0455154
0.040436
0.0387478
0.0503873
0.0444726
0.0469574
0.0413265
0.0373131
0.0296955
0.034626
0.0275422
0.0418703
0.0368153
0.0356174
0.031336
0.0308527
0.0245585
0.0262996
0.0209709
0.0317572
0.0328428
0.0243193
0.0250571
0.0326802
0.0312852
0.0248887
0.0238229
0.0174539
0.0179188
0.0117562
0.0120015
0.0177636
0.0169947
0.0118467
0.0113008
0.0287735
0.0253575
0.0219365
0.0193751
0.0213329
0.017053
0.0163459
0.0131031
0.0156614
0.0138574
0.0103968
0.00919365
0.0117185
0.00941521
0.00777507
0.00624712
0.013446
0.0132514
0.0127695
0.0130461
0.0126757
0.0117805
0.0129687
0.0124935
0.011421
0.0119943
0.0095976
0.0103329
0.0123748
0.0123652
0.0110379
0.0114251
0.0106422
0.00934866
0.0116799
0.0106125
0.00799185
0.00665976
0.00938455
0.00808926
0.0119556
0.011203
0.0114063
0.0109916
0.0101927
0.00902038
0.0102433
0.0092499
0.00752291
0.00832651
0.00543919
0.00623525
0.00922103
0.00989213
0.00720089
0.00803744
0.00358083
0.00429578
0.00214618
0.00270009
0.0052288
0.0061211
0.00350662
0.00435745
0.0101923
0.0100816
0.00856173
0.00869105
0.00959104
0.00879426
0.00842319
0.00781298
0.00677306
0.00706839
0.00504862
0.00543809
0.00697435
0.00652589
0.00546617
0.00514882
0.00542822
0.0043546
0.00681141
0.00562105
0.00347383
0.00279742
0.00456904
0.00368507
0.0077798
0.00655436
0.00810911
0.0069146
0.00541088
0.00439625
0.00574718
0.00466917
0.00231531
0.00200047
0.00297842
0.00244109
0.00181542
0.00171973
0.00205275
0.00167188
0.00353683
0.0028403
0.003722
0.00274722
0.00208939
0.00166826
0.00205468
0.00164038
0.00778659
0.00666788
0.00694922
0.00593441
0.00553
0.00444828
0.00486856
0.00381383
0.00580327
0.00490931
0.00455721
0.00383865
0.00397869
0.00309681
0.00308812
0.00237649
0.00337559
0.00251809
0.0028936
0.00215738
0.00190188
0.0015244
0.00162575
0.00129711
0.0023289
0.00171499
0.00175989
0.00126899
0.00126947
0.000989721
0.000910344
0.000676817
0.00127348
0.00157734
0.00102439
0.000982905
0.00217069
0.00289612
0.00128459
0.00181526
0.00137756
0.000896978
0.00223325
0.00123329
0.000841478
0.00112564
0.000775701
0.000783731
0.00355026
0.00396999
0.00237069
0.00276775
0.00407166
0.00385371
0.00290053
0.00272639
0.0015375
0.00187183
0.00102662
0.00116103
0.00191786
0.00184875
0.00124709
0.00123524
0.00342882
0.00185696
0.0047632
0.00260913
0.000981995
0.00071134
0.00133941
0.000989341
0.00602724
0.00333488
0.00703593
0.00533486
0.00237931
0.00164182
0.00375336
0.00255974
0.000729011
0.000807236
0.000811146
0.000771389
0.000877159
0.000876315
0.00078164
0.000755008
0.00120142
0.00100559
0.00182459
0.00146232
0.000932507
0.000859537
0.00130597
0.00118687
0.00340331
0.00285709
0.00242379
0.00202847
0.00227727
0.00172958
0.00160175
0.00120646
0.00165838
0.0013823
0.00111458
0.000918023
0.00108195
0.000819887
0.000707854
0.000549531
0.00126262
0.000897657
0.000885628
0.000651694
0.000631184
0.000447366
0.000489408
0.000370033
0.000636555
0.000537533
0.000485215
0.000517538
0.0004956
0.000466032
0.000609363
0.000699057
0.000781776
0.000620418
0.000648434
0.000478389
0.000455751
0.00035963
0.000309183
0.000222374
0.000714815
0.000498954
0.000995562
0.000710319
0.000275403
0.000137796
0.000390423
0.000142237
0.000381453
0.000526915
0.000280828
0.000501051
0.000753761
0.000985515
0.000843179
0.00122132
0.000168512
0.000403532
7.24517e-05
0.000244888
0.000814992
0.00131617
0.000654291
0.00122403
0.0130243
0.0116264
0.0119973
0.00936014
0.00976228
0.00763545
0.00669312
0.00434518
0.0107627
0.00735288
0.00937076
0.00561319
0.00440307
0.00241712
0.00288636
0.00177227
0.00549502
0.00359783
0.0025812
0.00161358
0.00217439
0.00139914
0.0015773
0.00250811
0.00164013
0.00217323
0.00244652
0.00484447
0.00398552
0.0069153
0.00871885
0.0136748
0.00791144
0.00417936
0.00648101
0.00309457
0.00208339
0.00219993
0.00191992
0.00345293
0.00516815
0.00238351
0.00404434
0.00204141
0.00229759
0.00526406
0.00308951
0.00735541
0.00458331
0.00896346
0.00758438
0.0138191
0.0148494
0.0216035
0.0214215
0.0295294
0.0109829
0.0187359
0.0143392
0.0231225
0.0275679
0.0364358
0.032578
0.041546
0.0013674
0.00208192
0.00433241
0.00687054
0.00345102
0.00529894
0.00985395
0.0129546
0.0106809
0.0149054
0.0192085
0.0247558
0.0191538
0.0229798
0.0297486
0.0336751
0.0073877
0.00944807
0.0158233
0.0181333
0.0112161
0.0124702
0.0196227
0.0168465
0.025977
0.0278273
0.0361366
0.0342022
0.0251459
0.0210596
0.0301239
0.0247936
0.0285116
0.0348554
0.0372551
0.0437794
0.0399852
0.0433872
0.0484343
0.0497481
0.0443369
0.0504178
0.0489813
0.0540794
0.0537359
0.053815
0.0562107
0.0553142
0.0428445
0.0395203
0.0478865
0.0433845
0.034188
0.0277913
0.0370587
0.0298597
0.0508889
0.0455312
0.0516686
0.045838
0.0385526
0.0308738
0.0385884
0.0307805
0.00315697
0.00203092
0.00252559
0.00228492
0.00414431
0.00945235
0.00529688
0.0113021
0.00214164
0.00271387
0.00197158
0.00321656
0.00638319
0.0126937
0.00725698
0.0134774
0.0172654
0.0265069
0.0194502
0.0285633
0.0359417
0.0443697
0.0373727
0.0441996
0.02068
0.0291287
0.020854
0.0265759
0.0357043
0.0411837
0.0317675
0.0360113
0.00196317
0.00369289
0.00205408
0.00405688
0.0078059
0.0135784
0.00796463
0.0111498
0.00218177
0.00424836
0.00229319
0.00323611
0.00620712
0.00844452
0.00452038
0.00599003
0.0180852
0.0224734
0.0144746
0.0176688
0.0263967
0.0295596
0.0204922
0.0227429
0.0107544
0.012949
0.00749745
0.00891304
0.0148666
0.0163757
0.01013
0.0110659
0.0507001
0.0545969
0.0492615
0.0521382
0.0557709
0.0542238
0.0526283
0.0507607
0.0451129
0.0471831
0.0389772
0.0404405
0.0472507
0.0453494
0.040297
0.0385736
0.0502362
0.0443275
0.0467889
0.041164
0.0371899
0.0296011
0.0344854
0.027431
0.0416894
0.0366413
0.0354319
0.0311589
0.0307009
0.0244367
0.0261449
0.0208463
0.0317289
0.0327453
0.0242638
0.0249472
0.0325336
0.0311111
0.0247415
0.0236565
0.0173763
0.0178021
0.0116621
0.0118827
0.0176218
0.0168423
0.0117144
0.0111659
0.0285924
0.0251866
0.0217681
0.0192188
0.0211845
0.0169339
0.0162118
0.0129966
0.0155119
0.0137217
0.0102694
0.00908151
0.0116042
0.00932639
0.00768337
0.0061781
