0.000238811
0.000472066
0.000207533
0.000444922
0.000679807
0.000776478
0.000682594
0.000822441
0.00017902
0.00041264
0.000155018
0.000376351
0.000674483
0.000855839
0.000654924
0.000873681
0.000727935
0.000556953
0.000814142
0.000665711
0.000330621
0.000134975
0.000435157
0.000207456
0.000890928
0.000772341
0.000952704
0.000869222
0.000547178
0.000296837
0.000658265
0.000395587
0.000137405
0.000337942
0.000127845
0.000299793
0.000624651
0.000874494
0.000585633
0.000858581
0.000127361
0.000264375
0.000135879
0.000233776
0.000540805
0.000828011
0.000493632
0.000786319
0.000995178
0.000949319
0.001016
0.0010072
0.000759458
0.00049427
0.000842571
0.000583006
0.00101508
0.00103979
0.000994593
0.00104668
0.000901352
0.000652972
0.00093225
0.000697624
4.57245e-05
0.000104493
6.51591e-05
6.22786e-05
0.000307588
0.000609906
0.000209364
0.000473518
0.000108117
4.53493e-05
0.000169775
5.31713e-05
0.000132181
0.000347875
8.08257e-05
0.000243357
0.000941526
0.00123063
0.000792039
0.00109405
0.00142468
0.00150319
0.00132223
0.00149595
0.000637918
0.000934051
0.000494582
0.00091013
0.00130797
0.00147347
0.00127262
0.0014366
0.000242038
8.08315e-05
0.000314948
0.000120161
5.50833e-05
0.000165358
5.03338e-05
0.000149092
0.00037839
0.000161453
0.000423714
0.000183936
5.43982e-05
0.000129013
6.21607e-05
0.000108166
0.000467939
0.000865857
0.000427809
0.000803788
0.00121778
0.00138568
0.00114514
0.00132073
0.000377449
0.000726945
0.000320672
0.000638827
0.00105654
0.00124167
0.000954138
0.00114869
0.000151826
0.000209236
0.000171913
0.000190843
0.000447595
0.000738011
0.000405747
0.000687983
0.000191244
0.000177536
0.000203928
0.000167563
0.00037048
0.000641001
0.000343644
0.000601373
0.000958554
0.00103003
0.000912203
0.00099396
0.000934644
0.000713378
0.000910489
0.000718574
0.000861225
0.000943643
0.00081096
0.000871118
0.000877991
0.000714742
0.000830938
0.000700505
0.000204348
0.000159482
0.000189115
0.000153637
0.000327049
0.000572801
0.000323203
0.0004783
0.000159524
0.000153764
0.000123934
0.000120545
0.000255312
0.000392524
0.000202218
0.000325781
0.000714091
0.000786075
0.000614223
0.000696283
0.000771922
0.000675882
0.000706033
0.000642892
0.000522452
0.000611749
0.000450451
0.000544005
0.000640964
0.000606012
0.000586608
0.000572091
0.000448906
0.000211398
0.000473589
0.000242968
7.51053e-05
8.98067e-05
9.43645e-05
7.7129e-05
0.000495361
0.000277196
0.000511867
0.000312033
0.000120431
7.29446e-05
0.000152885
7.93059e-05
0.000261715
0.000543435
0.000205086
0.000445291
0.000840586
0.00104246
0.000719193
0.000924471
0.000155375
0.000349423
0.000116963
0.000261291
0.000594032
0.000797238
0.000470002
0.000664416
0.000521231
0.000344968
0.000522645
0.000373334
0.000190167
9.70299e-05
0.000229411
0.000125065
0.000516972
0.000394735
0.000506884
0.000407085
0.000266292
0.000159524
0.000294402
0.000191705
9.35859e-05
0.000186608
8.75698e-05
0.000130962
0.000352815
0.000530802
0.000248985
0.000402145
9.83501e-05
9.88229e-05
0.000118954
9.01594e-05
0.000165891
0.000284735
0.00011199
0.000185078
1.74073e-05
0.000106159
5.72731e-05
0.000245351
0.000305899
0.000590177
0.000574955
0.00100764
0.000109857
0.000384913
0.000143419
0.000475983
0.000830048
0.00139635
0.00100236
0.00166589
0.000908848
0.00120021
0.00147585
0.0018979
0.00140594
0.00148484
0.00219643
0.00231593
0.00200022
0.00254087
0.00236981
0.00299702
0.00292247
0.00307536
0.00343557
0.0036036
0.000140231
0.00048877
0.000101562
0.000420087
0.00104728
0.00175494
0.000955015
0.00164549
4.64772e-05
0.000293053
5.29335e-06
0.000149637
0.000751684
0.0013657
0.000491217
0.00098144
0.00250612
0.00317188
0.00238228
0.00303043
0.00362837
0.0037853
0.00346014
0.00357811
0.00202802
0.00260448
0.00152117
0.00198408
0.00296637
0.00302402
0.00225009
0.00224034
0.0014221
0.00123201
0.00223488
0.00196988
0.000953727
0.000641708
0.00157123
0.00111121
0.00297142
0.00262992
0.00346791
0.00305162
0.00211287
0.00151129
0.0024294
0.00171146
0.000353206
0.000136055
0.000668236
0.000310717
1.94421e-05
9.4819e-06
8.40355e-05
1.91931e-05
0.000925711
0.00044557
0.00102013
0.00034169
5.50657e-05
4.03791e-05
2.34775e-05
7.85809e-05
0.00360748
0.00312415
0.00335164
0.00281929
0.00242385
0.00163589
0.00208477
0.00124595
0.00275277
0.00220397
0.00194385
0.0014626
0.00150674
0.000812402
0.000912511
0.00041669
0.000795664
0.000214957
0.000530313
9.80396e-05
5.82273e-06
0.000137754
1.70909e-05
0.000218291
0.000278636
2.16429e-05
9.1324e-05
8.2696e-06
6.69147e-05
0.000315963
0.000157064
0.000421973
9.94578e-06
3.85178e-05
8.42041e-05
1.81647e-06
0.000240714
0.000579261
6.34033e-05
0.000245317
0.000236458
6.42268e-05
0.000456873
0.000227154
3.59679e-06
4.57484e-05
7.71829e-05
1.29627e-05
0.000968188
0.00129566
0.000478966
0.000672585
0.00145751
0.00139231
0.000743892
0.000635117
0.000142247
0.000225216
7.24529e-06
6.35714e-06
0.000200077
0.00014323
3.49731e-06
4.71135e-06
0.000719382
0.000468949
0.000987664
0.00075066
0.000269499
0.000140626
0.000540432
0.000527262
0.00122328
0.0010254
0.00139376
0.00138582
0.00101265
0.00100696
0.00137323
0.0013562
0.000135002
0.00014302
0.000529152
0.000545805
0.000165738
0.000205251
0.000576297
0.000618848
0.00100807
0.00101458
0.00133398
0.00130496
0.00102398
0.00103281
0.00126702
0.00121779
0.0011255
0.000772052
0.000459974
0.0002608
0.000411223
0.000131072
9.1345e-05
4.93419e-06
7.30736e-05
1.62216e-05
2.01317e-05
6.15141e-05
1.91771e-06
5.43079e-05
0.000138779
0.000255738
5.72527e-06
6.77407e-05
3.87291e-05
0.000195019
0.000280588
0.000524095
0.000422648
0.000608639
0.000182753
0.000370438
0.000405017
0.000561984
0.000562765
0.000662866
0.000677943
0.000677365
0.000263727
0.000342033
0.00067045
0.00072647
0.000438112
0.000545201
0.000780302
0.000823059
0.00103674
0.00103085
0.00115508
0.00107718
0.00100983
0.000968398
0.00098335
0.000874125
0.000649787
0.00072886
0.000843149
0.000825229
0.000745918
0.000647931
0.000747448
0.000576417
0.000901354
0.000803209
0.000751511
0.0006189
0.000665796
0.000469744
0.000480012
0.000331521
0.000698001
0.000695561
0.000553126
0.000589367
0.00068611
0.00067147
0.000620398
0.000646379
0.000352961
0.000407947
0.000177144
0.000224449
0.000463235
0.000517772
0.000279004
0.000339507
0.000653713
0.000634899
0.000667895
0.000685809
0.000616854
0.00060102
0.00070109
0.00071466
0.00057074
0.000621531
0.000404439
0.000472103
0.000669683
0.000714799
0.000540655
0.000608122
9.60975e-05
0.000111596
0.000146706
0.000116152
0.000140038
0.000181041
0.000100649
0.00010174
0.000320384
0.00024369
0.000566913
0.000458111
0.000179203
0.000130944
0.000353672
0.00026
0.000233472
0.000295455
0.000119838
0.000154062
0.000364414
0.000437147
0.00020217
0.000260609
0.000101771
9.29153e-05
0.00018277
0.000126097
0.000103682
0.000131341
9.18859e-05
7.94366e-05
0.000588382
0.000579501
0.000727275
0.000739475
0.000574617
0.000573828
0.000751602
0.000763872
0.000756468
0.000794213
0.000672407
0.000731308
0.000827468
0.000855589
0.000782539
0.000823738
0.000577309
0.00058553
0.000776476
0.000789637
0.000599411
0.000620284
0.000803522
0.00074368
0.000877841
0.00089329
0.000852419
0.000891832
0.000879025
0.000830339
0.000899509
0.000869645
0.000509933
0.000578654
0.00032466
0.00038868
0.000638929
0.00068622
0.000446378
0.000541655
0.000171235
0.000217067
8.53778e-05
0.000111769
0.000291479
0.000382806
0.000162076
0.000235787
0.000767732
0.000831112
0.000637688
0.000721625
0.000864083
0.000858233
0.000779379
0.000799497
0.000483122
0.000579955
0.000327443
0.00042609
0.000657932
0.000702402
0.000516054
0.000579819
0.00081218
0.000695349
0.00098335
0.000885901
0.0005713
0.000448034
0.000768182
0.000638421
0.00103267
0.00097801
0.000951661
0.00095331
0.000891324
0.000779315
0.000915158
0.000840501
0.000333755
0.000235676
0.000506406
0.000382016
0.000158944
0.000105842
0.000273711
0.000198609
0.000651877
0.000520513
0.000737519
0.000655856
0.000427578
0.000332451
0.000566381
0.000470665
0.000770944
0.000829659
0.000546178
0.000650829
0.000846879
0.000820685
0.000719524
0.000704527
0.000335842
0.000467903
0.000180106
0.000201581
0.000479675
0.000503366
0.000239124
0.000291426
0.000770028
0.000713978
0.00069243
0.000678191
0.00064988
0.000575887
0.000656567
0.000622777
0.000534267
0.000566633
0.000355688
0.000426947
0.000593868
0.000609065
0.000498012
0.000560088
7.53698e-05
6.49882e-05
0.00013264
8.35485e-05
8.02615e-05
0.000123689
5.8535e-05
6.29906e-05
0.000240961
0.000160085
0.000371758
0.000274614
9.75778e-05
6.10322e-05
0.000186167
0.000114901
0.000193157
0.000280597
9.87441e-05
0.000162004
0.000371546
0.000446642
0.00024151
0.000317928
5.62284e-05
8.46844e-05
6.9656e-05
5.73737e-05
0.000140528
0.000207266
7.93579e-05
0.000125532
0.000491722
0.000399376
0.000573312
0.000506804
0.000303591
0.000211987
0.000424836
0.000332509
0.000605901
0.000579723
0.000603983
0.00062167
0.000528652
0.000454484
0.000607891
0.000561471
0.000134586
8.23913e-05
0.00023864
0.000155387
6.4255e-05
8.01293e-05
9.68851e-05
7.48114e-05
0.000363195
0.000265027
0.00048604
0.000389952
0.000174375
0.000110286
0.000285291
0.000186399
0.00317494
0.00230674
0.00189838
0.00162189
0.00185292
0.00187048
0.00166912
0.00205548
0.00141725
0.00153922
0.00152872
0.00187121
0.00190229
0.00248895
0.00238013
0.00301476
0.00231722
0.00305776
0.00271824
0.00352396
0.00389152
0.00459725
0.00429437
0.00484569
0.00322216
0.00397438
0.00369102
0.00429199
0.00459167
0.0049283
0.00469037
0.00477872
0.00196637
0.00238291
0.00245936
0.0028441
0.00289951
0.00346208
0.00327193
0.0036845
0.00278777
0.0030777
0.00282214
0.00299336
0.00336484
0.00359423
0.0031288
0.0031827
0.00398701
0.00437283
0.00400558
0.00415348
0.00452107
0.00436218
0.00405998
0.00369192
0.00370276
0.00363158
0.00310894
0.00287283
0.00334279
0.00283653
0.00246501
0.00191368
0.00498397
0.00493601
0.00503257
0.00478544
0.00444039
0.00358889
0.00413077
0.0031875
0.00488391
0.00443329
0.00450011
0.00387031
0.00363928
0.00264328
0.00298335
0.00199585
0.00255326
0.00153938
0.00213879
0.00118505
0.000732171
0.000246592
0.00049052
0.000109487
0.00163316
0.000795292
0.00109115
0.000384785
0.00021235
9.64816e-05
8.6381e-05
0.00017001
0.00387984
0.00312565
0.00306919
0.00227201
0.00221732
0.00131691
0.00143178
0.000704394
0.00216252
0.00141998
0.00128965
0.000722135
0.000759833
0.0002927
0.000306858
8.73361e-05
0.000567192
0.000145953
0.000229648
6.18805e-05
8.4389e-05
0.000287734
0.000166511
0.000409928
7.33391e-05
9.74107e-05
6.82767e-05
0.000207466
0.000289301
0.000505156
0.000412828
0.000553705
0.00253916
0.00259884
0.00201113
0.00198724
0.00260397
0.00252161
0.00190434
0.00174363
0.00137349
0.0013039
0.00077976
0.000702217
0.00118345
0.00100676
0.000591034
0.000451509
0.00232436
0.00200075
0.00149586
0.00116948
0.0015659
0.00106843
0.000797493
0.000440693
0.000779737
0.000525127
0.000299829
0.000152677
0.000274547
0.000122108
8.99897e-05
0.000102766
0.000356338
0.000300335
0.00016904
0.000150365
0.000231815
0.000162537
0.000138235
0.000173722
0.000209857
0.000228313
0.000406326
0.000537534
0.000327607
0.000444897
0.000658242
0.000751177
0.000112791
0.000130007
0.000253806
0.000358619
0.000198186
0.000297563
0.000468172
0.000564547
0.00055982
0.000655106
0.000804716
0.000813493
0.00071811
0.000741592
0.000778218
0.000704847
0.000604741
0.000267866
0.000194646
7.29165e-05
8.61741e-05
6.19644e-05
7.10834e-05
0.000166416
6.87299e-05
0.000103001
0.000174217
0.000282107
0.000202694
0.000336537
0.000401047
0.000504471
0.000167921
0.000345219
0.000318202
0.000469028
0.000505972
0.000548659
0.000549504
0.000494835
0.000466001
0.000547434
0.000566189
0.000561955
0.00053691
0.000406094
0.000473262
0.000301664
0.000407094
0.000506618
0.000633493
0.000665379
0.000578494
0.000608627
0.000655486
0.000603747
0.000723804
0.000667971
0.000603294
0.0004859
0.00058133
0.000473911
0.000365853
0.000255752
0.000586953
0.000507886
0.000514107
0.000393982
0.000372706
0.000202191
0.000255444
0.00012623
0.000357281
0.0002436
0.00016646
0.000106403
0.000146088
8.80511e-05
8.17195e-05
0.000101268
0.00730194
0.00552775
0.0101961
0.00752977
0.00407617
0.00316869
0.00531315
0.00381161
0.0135402
0.00988058
0.0170902
0.0124074
0.0068125
0.0046411
0.00846094
0.00559063
0.00282669
0.00290676
0.00306213
0.0029115
0.0031736
0.00338473
0.00309427
0.00332441
0.00341828
0.00298239
0.00386265
0.00310929
0.00303965
0.00326161
0.00301209
0.00320369
0.0205341
0.0148821
0.0235264
0.0170466
0.0101017
0.00656103
0.0115519
0.00743181
0.0257337
0.0186469
0.0268835
0.0194724
0.012628
0.00807866
0.0131747
0.00839468
0.00433979
0.00326729
0.00477799
0.00342022
0.00300573
0.00315457
0.00300785
0.00311485
0.00510066
0.00352743
0.00524091
0.00355304
0.0030025
0.00308335
0.00297571
0.00305961
0.00336238
0.00303532
0.00337582
0.00313281
0.00244378
0.00171168
0.00260241
0.00189097
0.00337339
0.0032127
0.0033626
0.00328014
0.00274973
0.00206889
0.00288796
0.00224542
0.000998483
0.000446938
0.00115664
0.000554183
0.000142346
9.35532e-05
0.000188448
8.85341e-05
0.00132286
0.000675262
0.00149616
0.000809471
0.000248992
9.36788e-05
0.000324275
0.000110319
0.00335048
0.00334126
0.00334324
0.00340273
0.0030206
0.00242149
0.00315213
0.00259868
0.00334654
0.00347147
0.00336632
0.00355454
0.00328751
0.00277884
0.00343163
0.00296346
0.00167587
0.000955842
0.0018614
0.00111295
0.000414097
0.000139441
0.000517495
0.000181359
0.00205191
0.00127859
0.00224578
0.0014493
0.000632401
0.000235315
0.000755235
0.000299068
0.0268096
0.0193918
0.0254839
0.0183799
0.0130935
0.00831149
0.0123647
0.00781598
0.0230283
0.0165294
0.0197032
0.0140422
0.0110565
0.0069582
0.00932049
0.005848
0.00515645
0.0034757
0.00484159
0.00329664
0.00292133
0.0030468
0.00284568
0.00305375
0.00433321
0.00304333
0.00370808
0.0027673
0.00276932
0.00309533
0.00272485
0.00319002
0.015872
0.0112026
0.0119471
0.00833398
0.00737058
0.00463923
0.00544896
0.0035038
0.00832722
0.005747
0.00533605
0.00368945
0.0037852
0.00259982
0.0025558
0.00204051
0.00307118
0.00253523
0.00253607
0.00241457
0.00275012
0.00335472
0.00287789
0.00359751
0.00220112
0.00245633
0.00212644
0.00267892
0.00312389
0.00390992
0.00347652
0.00426121
0.00340972
0.00365887
0.00348541
0.00379067
0.00358863
0.00315281
0.00376074
0.00334482
0.00360288
0.00395401
0.00376995
0.00414859
0.00394682
0.00353374
0.00414036
0.00370867
0.00243981
0.00161982
0.00262833
0.00178242
0.000880466
0.000368512
0.00100023
0.000437436
0.00280224
0.00192638
0.00294811
0.00203769
0.00110412
0.000497569
0.00117947
0.000539128
0.00398883
0.00436671
0.00425125
0.00459034
0.00432746
0.00385245
0.00448539
0.00394139
0.00453396
0.00478913
0.00479668
0.00492093
0.00458248
0.00394662
0.00458053
0.00383771
0.00304791
0.00209952
0.00307976
0.00209366
0.00121226
0.000552059
0.00118911
0.000528169
0.00302024
0.00200349
0.00284864
0.00181837
0.0011004
0.000464099
0.00094447
0.0003648
0.000778352
0.000830638
0.000773747
0.000805608
0.000752593
0.000577225
0.000712817
0.000531888
0.000753322
0.000773589
0.000722098
0.000738336
0.000674018
0.00049264
0.000638337
0.000460117
0.000366948
0.00018862
0.000325751
0.000159237
9.05555e-05
8.84628e-05
7.67961e-05
8.93174e-05
0.000292342
0.000136631
0.000266237
0.000119719
6.76069e-05
9.30853e-05
6.18765e-05
9.91642e-05
0.000684101
0.000702657
0.000642497
0.000668646
0.00060734
0.000434834
0.000582224
0.000417311
0.000599682
0.000637792
0.000557342
0.000611025
0.000563885
0.000408102
0.000552926
0.000407777
0.000247168
0.000107723
0.000235123
0.000100139
5.85817e-05
0.000106566
5.6707e-05
0.000113793
0.000230363
9.67704e-05
0.000233442
9.78377e-05
5.53092e-05
0.000118911
5.37424e-05
0.00011986
0.000163659
0.00027276
0.000173385
0.000282128
0.000364634
0.000398646
0.000363326
0.000378535
0.000186317
0.000297583
0.000202788
0.000320589
0.000373268
0.000375968
0.000396876
0.000393582
0.000358378
0.000256897
0.000317127
0.000201049
0.000132459
3.64382e-05
7.90957e-05
1.26588e-05
0.00029916
0.000171904
0.000305912
0.000167496
5.21391e-05
1.05761e-05
4.32777e-05
1.20339e-05
0.000222148
0.00035112
0.000242595
0.000387447
0.000434907
0.000432787
0.00048624
0.000493626
0.000261192
0.000425997
0.000274168
0.000461478
0.00054746
0.000573987
0.000612581
0.000668682
0.00033883
0.000188047
0.000399488
0.000236629
4.95326e-05
8.21579e-06
7.48472e-05
2.65665e-06
0.000488404
0.000317619
0.000603197
0.000433751
0.00012835
9.58444e-06
0.000220174
4.85016e-05
0.000516515
0.000588733
0.000477669
0.000570782
0.000549618
0.00041688
0.000553848
0.000435836
0.000440803
0.000556541
0.000405581
0.000544937
0.000565049
0.000464804
0.000582126
0.000503487
0.000245214
0.000104128
0.000266794
0.00011711
5.20049e-05
0.000115003
5.11029e-05
0.000103789
0.000299418
0.000138904
0.000344164
0.000172048
5.3279e-05
8.73579e-05
6.19624e-05
6.88457e-05
0.000371481
0.000534533
0.000337968
0.000523663
0.000603405
0.000550894
0.000626639
0.000605155
0.000304656
0.000510601
0.00027148
0.000493786
0.000649105
0.000663428
0.000667809
0.000721982
0.000401566
0.000219024
0.000471181
0.000281605
8.13551e-05
5.32294e-05
0.000115675
4.66408e-05
0.000551222
0.00036018
0.000638382
0.000453202
0.00016819
5.52441e-05
0.000240258
8.39069e-05
0.000277581
0.000487474
0.000268263
0.000497537
0.000673299
0.000768978
0.00071997
0.000863097
0.000244849
0.000486608
0.000208596
0.000452423
0.000743255
0.00093778
0.000736094
0.000980654
0.000737016
0.000583013
0.000878066
0.00075666
0.000356447
0.000136966
0.000535226
0.000283905
0.00101065
0.000939171
0.00111762
0.00111032
0.000744732
0.00048545
0.00096446
0.000724428
0.000163693
0.000396486
0.000116893
0.00032429
0.000695467
0.000982806
0.000623443
0.000940846
7.6453e-05
0.000244595
5.05776e-05
0.000167914
0.000527143
0.000857881
0.00041758
0.000743076
0.00118363
0.00124886
0.00119831
0.00133673
0.00116884
0.000973482
0.0013324
0.00120084
0.00115853
0.00136282
0.00106905
0.00132506
0.00143499
0.00137704
0.00146571
0.0014809
0.000524693
0.000471546
0.000305223
0.000246249
0.000430985
0.000405159
0.000204784
0.000178553
0.000140733
0.000104263
9.99658e-05
0.000104839
8.25954e-05
7.01442e-05
0.000115805
0.000125707
0.00039401
0.000396451
0.000165103
0.000162551
0.0004109
0.000435454
0.000169694
0.000185785
6.30337e-05
5.92822e-05
0.000130499
0.000128819
5.84653e-05
6.11835e-05
0.000121271
0.000109672
0.000203599
0.000255417
0.000421991
0.000512716
0.000301416
0.000334844
0.000585529
0.000635962
0.000689265
0.000799782
0.000927022
0.00103199
0.000882645
0.000937193
0.00110359
0.00114589
0.000352786
0.00035518
0.000663423
0.000669714
0.00034377
0.000321253
0.000657765
0.00063077
0.000966044
0.000973249
0.00116512
0.00116768
0.000962931
0.00093847
0.00115879
0.00114184
0.000467895
0.000505685
0.000210219
0.000242248
0.00054602
0.000585976
0.000280802
0.000324427
6.85288e-05
8.16495e-05
9.64352e-05
8.41253e-05
0.000101441
0.000128365
7.51616e-05
7.16395e-05
0.000622727
0.000653794
0.000371334
0.000419535
0.000677293
0.000692111
0.000467038
0.000512042
0.000162374
0.000202926
7.52294e-05
8.71236e-05
0.000249063
0.000299538
0.000108016
0.00013811
0.000290696
0.000255195
0.00059171
0.000543217
0.000217731
0.000181123
0.00048765
0.000427284
0.000902196
0.000855463
0.00111825
0.00108773
0.000798973
0.000733227
0.00104878
0.000999311
0.000148021
0.000120894
0.000364517
0.000302013
0.000101983
9.3216e-05
0.00024274
0.000189895
0.000659
0.000577744
0.000937416
0.000862024
0.00049184
0.000404655
0.000773465
0.000673812
0.00106915
0.00114318
0.00108018
0.00110419
0.00118296
0.00119736
0.00109792
0.00107433
0.000962514
0.000928906
0.000751873
0.0006674
0.000873583
0.000811869
0.000574014
0.000486946
0.001196
0.00118726
0.00104534
0.00102029
0.00117716
0.00116898
0.00100534
0.00100345
0.000756111
0.000714857
0.000416224
0.000367063
0.000693113
0.000693027
0.000341374
0.000339467
0.000503606
0.000389175
0.000275048
0.000162248
0.000282645
0.000196166
7.80727e-05
2.84738e-05
0.000109435
3.43662e-05
2.58479e-05
2.14912e-05
1.24195e-05
4.051e-05
9.80615e-05
0.000241318
0.000134123
9.51618e-05
8.58564e-06
6.84543e-06
7.54624e-05
7.18562e-05
1.05241e-05
1.07586e-05
0.000101093
0.000168744
0.000418261
0.000586424
0.000218433
0.000232999
0.000705326
0.000746881
0.00116332
0.00115843
0.0010147
0.00103664
0.00115076
0.00113563
0.00106458
0.00109217
0.000714492
0.000755409
0.000361139
0.000405863
0.000811658
0.000877008
0.000472144
0.000556521
0.00110805
0.00106366
0.00111196
0.00111639
0.000999571
0.000915099
0.00109891
0.00105504
0.000943275
0.00100095
0.000652765
0.00075175
0.00104029
0.00105279
0.000842209
0.000912308
8.37066e-05
0.00011307
5.58669e-06
2.70446e-07
0.000163307
0.000236813
5.08496e-06
3.14749e-05
0.000207785
0.000151389
0.000702107
0.000582669
8.26676e-05
2.50852e-05
0.000417189
0.000243656
0.000332766
0.00044572
8.78648e-05
0.000176392
0.000565538
0.000678746
0.000291456
0.000420422
1.31074e-07
2.16087e-05
0.000100059
1.56728e-05
9.21963e-05
0.000202979
5.01165e-06
6.56578e-05
0.0039875
0.00379324
0.00412984
0.0038423
0.00369999
0.00377225
0.00356326
0.0033463
0.00426911
0.00399745
0.00427608
0.00410016
0.00367129
0.00333061
0.0038349
0.00350554
0.00405562
0.004562
0.0032387
0.00326941
0.00525925
0.00606854
0.003439
0.00371485
0.00301803
0.00276959
0.00314544
0.00278966
0.00260595
0.00252647
0.0024679
0.00219854
0.00404915
0.00400916
0.00355454
0.00364983
0.00386981
0.00364224
0.00365535
0.00357038
0.00283965
0.00303605
0.00201803
0.00226132
0.00316526
0.00321809
0.00246588
0.0026179
0.00334815
0.00301598
0.00340475
0.00317728
0.0026758
0.0023541
0.00291257
0.00263704
0.0031942
0.00310222
0.00270985
0.0027416
0.00295832
0.00278356
0.00272041
0.00265956
0.00687197
0.00753025
0.00403358
0.00431153
0.00790838
0.00790439
0.00446216
0.00441681
0.00250825
0.00251109
0.00198567
0.00182021
0.00248806
0.00239954
0.00168526
0.00156459
0.007475
0.00665182
0.00414436
0.00366443
0.00554284
0.00431722
0.00304983
0.00241599
0.00222723
0.00198422
0.00145176
0.00135711
0.00171745
0.00150051
0.00130957
0.00135183
0.00207002
0.00183404
0.00237517
0.00214703
0.00164965
0.00151757
0.00196765
0.00184812
0.00260083
0.00243208
0.00257624
0.0024891
0.00229645
0.00220954
0.00241601
0.0023724
0.00144084
0.00142905
0.00179777
0.00182597
0.00149927
0.00167265
0.00194223
0.00215361
0.00218346
0.00222694
0.00237008
0.0024163
0.00234469
0.0025353
0.00251257
0.002653
0.00123351
0.00146561
0.0006167
0.000790597
0.00168664
0.00188195
0.000975153
0.00115783
0.000248156
0.00033823
0.000139046
0.000144678
0.000451778
0.000580227
0.000177159
0.000232454
0.00204024
0.00215536
0.00132692
0.00147332
0.00222707
0.00226081
0.00159189
0.00168184
0.000713961
0.000843886
0.000304494
0.000386266
0.000962759
0.00106604
0.000470935
0.000552752
0.000233915
0.000176171
0.000433099
0.000346021
0.000140873
0.000127984
0.000272383
0.000214825
0.000626519
0.000545879
0.00072776
0.000680561
0.000468787
0.000398925
0.000629411
0.000577543
0.000135248
0.000158767
0.00017419
0.000149665
0.000193757
0.000235289
0.000139138
0.000139664
0.000338918
0.000290186
0.000527903
0.000482863
0.000252971
0.000226524
0.000444062
0.000412362
0.00226657
0.00225702
0.00174644
0.00179195
0.00224557
0.00224439
0.00182612
0.00185648
0.00115214
0.00122195
0.00062758
0.000692957
0.00127804
0.00132339
0.000747744
0.000791449
0.0022628
0.00230579
0.00188876
0.00192535
0.00237267
0.00245573
0.00196406
0.00199718
0.00136011
0.00138824
0.00082342
0.000842065
0.00140477
0.00140315
0.000844294
0.000825421
0.000278877
0.00032079
0.000147938
0.000160662
0.000358083
0.000388381
0.000174785
0.000187595
0.00020937
0.000199605
0.000387922
0.000370357
0.000195175
0.000194119
0.000358947
0.000352897
0.000409545
0.000419331
0.000196742
0.000200274
0.00041526
0.000394834
0.000196804
0.000185936
0.0001948
0.000196153
0.000351616
0.000355021
0.000198014
0.000201563
0.000363849
0.000379937
0.00342203
0.00312336
0.00359636
0.00341539
0.00276716
0.00236721
0.00313752
0.00277395
0.00358127
0.00352916
0.00340633
0.00347047
0.00338482
0.00311768
0.00347595
0.00334475
0.00194407
0.00152229
0.00235043
0.00189853
0.00112755
0.000783672
0.00145185
0.00104262
0.00274294
0.00229485
0.00306488
0.0026617
0.00181552
0.00134807
0.00218037
0.0016737
0.00311134
0.0032734
0.00275081
0.0029846
0.00342276
0.00344411
0.00325699
0.00342861
0.0023895
0.00265808
0.00209475
0.00234925
0.00302061
0.00332519
0.00275906
0.00316779
0.00329071
0.00296818
0.00341683
0.00319984
0.00251665
0.00199457
0.00280479
0.00229034
0.003455
0.00335592
0.00342648
0.00344566
0.00303546
0.002547
0.00320806
0.00275703
0.000510028
0.000319327
0.000698335
0.000438895
0.00021613
0.00019626
0.000274584
0.000205103
0.000931337
0.000595692
0.00119322
0.000782293
0.00036004
0.000230275
0.000471284
0.000274889
0.000247216
0.000349569
0.000219833
0.000299331
0.000479232
0.000610364
0.000417917
0.000625388
0.00019931
0.00024866
0.000191589
0.000238613
0.000420449
0.0006181
0.000404176
0.000593803
0.00146525
0.000986168
0.00172908
0.00119247
0.000601301
0.000336469
0.000739273
0.000353654
0.00196924
0.0013865
0.00217422
0.0015162
0.00080794
0.000388074
0.000904541
0.0004418
0.000182699
0.000218155
0.000176367
0.000191631
0.000373792
0.00055733
0.000334041
0.000512868
0.000176369
0.00016369
0.00018662
0.000138718
0.000289317
0.000463895
0.000243451
0.000413177
0.00192744
0.00210799
0.00193316
0.00197218
0.00251501
0.00299134
0.00232301
0.0028268
0.00213484
0.00196251
0.00252802
0.00207953
0.00220542
0.00269746
0.00217029
0.00261688
0.00335677
0.00348431
0.00327102
0.00348929
0.00332824
0.00291831
0.00340507
0.0030731
0.00319051
0.00347696
0.00313038
0.00341477
0.00347434
0.00321364
0.0035047
0.00332843
0.00307964
0.00230371
0.00373091
0.00259844
0.00221158
0.00258869
0.00231154
0.00249192
0.0044042
0.00291605
0.00501345
0.00397851
0.00258534
0.00252696
0.00316321
0.00274203
0.00297015
0.00331469
0.00282415
0.00319141
0.00349303
0.00340924
0.00344265
0.00345217
0.0027287
0.00306625
0.00272001
0.00296372
0.00336298
0.0034582
0.00326799
0.00343278
0.00234384
0.00167371
0.00252614
0.00185224
0.00102752
0.000516458
0.00117424
0.000612638
0.00270967
0.00204391
0.00288336
0.00224013
0.00134067
0.000729656
0.00152164
0.00086558
0.000210518
0.000120518
0.000250577
0.000112161
0.000199638
0.000362813
0.000160441
0.000314312
0.000308275
0.000115955
0.000384064
0.000133498
0.00012787
0.000268721
0.000103484
0.000226769
0.00303748
0.00243231
0.00316473
0.00261275
0.00171119
0.00101746
0.0019032
0.0011817
0.00326106
0.00277544
0.00332598
0.00291667
0.00209207
0.00135447
0.00227326
0.00153214
0.000477486
0.000165773
0.000587374
0.000213264
8.8526e-05
0.000189027
8.40327e-05
0.000156054
0.000712083
0.000276087
0.000849742
0.000354088
9.09306e-05
0.000128526
0.000110091
0.000107322
0.00292837
0.00235328
0.0024768
0.00168181
0.00178726
0.00125161
0.00106249
0.00059999
0.00205077
0.00118765
0.00163373
0.000802239
0.000606053
0.000264225
0.000325943
0.000128992
0.000788345
0.000432235
0.000291586
0.000130516
0.000203196
0.00010349
9.86457e-05
0.000166
0.000116053
0.000114382
0.000124482
0.000232816
0.00020949
0.000351066
0.000385032
0.000525496
0.00124005
0.000509315
0.000888374
0.000305641
0.000176756
0.000124428
0.000130811
0.000203693
0.000596107
0.000188939
0.000376646
0.000153519
0.000165584
0.000330924
0.000259008
0.000476299
0.000230531
0.000395015
0.000378006
0.000547768
0.000544373
0.000632343
0.000649639
0.000658707
0.000528281
0.000661014
0.000654411
0.000720114
0.000688601
0.000615072
0.00066461
0.000523088
0.000118037
0.000217394
0.000293979
0.000440642
0.000362853
0.000512875
0.000566856
0.000642201
0.000492524
0.000596096
0.000614971
0.000632997
0.000637336
0.000608031
0.000578561
0.000468427
0.000629908
0.00068653
0.000649637
0.000588081
0.000669958
0.000584107
0.000472366
0.000382082
0.000516781
0.00038692
0.000332941
0.000223002
0.000280844
0.00019818
0.000149262
0.000111105
0.000639162
0.000569153
0.000581794
0.000449008
0.000446207
0.000307129
0.000303835
0.000194192
0.00047509
0.000319385
0.000353515
0.000218536
0.000201493
0.000158136
0.000162887
0.000195756
0.000198426
0.000140194
0.000148624
0.000166007
0.000130564
0.000157049
0.000231056
0.000322998
0.000191665
0.000285842
0.00030265
0.00045629
0.000415939
0.000557048
0.000626878
0.000789357
0.000237513
0.000188767
0.000179232
0.000279121
0.000388249
0.00061461
0.000530198
0.000725443
0.000194999
0.000405023
0.000271193
0.000544593
0.00066283
0.000793975
0.00076695
0.000811798
0.00073867
0.000721677
0.000771582
0.000670936
0.000590519
0.00040816
0.000484524
0.000302341
0.000751378
0.000579603
0.000683319
0.000488865
0.000382136
0.000221946
0.000295331
0.000166864
0.000388693
0.000675757
0.000524898
0.000778583
0.000827956
0.000777428
0.000837315
0.00073335
0.00065625
0.000837525
0.000760987
0.000843589
0.000820924
0.00068097
0.000790223
0.0006276
0.00061281
0.000404884
0.000541077
0.000332881
0.000227085
0.00013171
0.000175661
0.000110292
0.000474746
0.000273701
0.000416505
0.000226202
0.000137784
9.77465e-05
0.000110263
9.1011e-05
0.000249723
0.000167302
0.000182603
0.000158961
0.000180634
0.000280636
0.000232234
0.000378581
0.000148473
0.000177114
0.000136994
0.000205006
0.000292681
0.00046048
0.000343088
0.000509463
0.00043988
0.000624445
0.000561888
0.000745738
0.000803578
0.000955483
0.000901966
0.00101468
0.000639758
0.000795236
0.00066233
0.00077056
0.000904187
0.000958474
0.000819046
0.000808604
0.000137668
0.000230859
0.000143077
0.000249307
0.000374169
0.000522085
0.000385509
0.000505172
0.00014951
0.000260259
0.00015612
0.000266722
0.000382531
0.000470833
0.000373044
0.000431829
0.000634744
0.000687558
0.000572692
0.000571801
0.000674651
0.000606483
0.00050699
0.000398745
0.000495416
0.000449501
0.000420001
0.000340794
0.000348671
0.000223653
0.000221202
0.000102296
0.00337485
0.00364231
0.00291856
0.00323636
0.00384129
0.00398267
0.00354023
0.00379749
0.00237092
0.00265086
0.00179082
0.00200145
0.00297353
0.00328341
0.00227919
0.00257255
0.00407713
0.00413582
0.00400692
0.0041733
0.00417
0.00418991
0.00430299
0.00440249
0.00356271
0.00380571
0.00285749
0.00312129
0.00401156
0.00418148
0.00335681
0.00355995
0.0012373
0.00137504
0.000762711
0.000839006
0.00157909
0.00181175
0.000967313
0.00112406
0.000405599
0.000439332
0.000186058
0.000198007
0.000506441
0.000594359
0.000226162
0.000265225
0.00205169
0.00228493
0.00129433
0.00146692
0.00250165
0.00269458
0.00163269
0.00178397
0.000694699
0.000800429
0.000311743
0.000362514
0.000905091
0.00100263
0.000414172
0.000463168
0.00420364
0.00421639
0.00447751
0.00453242
0.00423011
0.00424371
0.00456993
0.0045911
0.00431741
0.00442127
0.00372833
0.00386044
0.00449445
0.00453768
0.00395516
0.00401142
0.00425375
0.00425541
0.00459564
0.00458229
0.00424374
0.00421475
0.00454939
0.0043773
0.00455094
0.00453363
0.00402811
0.00420749
0.00454447
0.00445648
0.0043224
0.00434982
0.00285822
0.00298821
0.00191424
0.00201792
0.00308106
0.00313386
0.00209029
0.00232733
0.00108743
0.00115436
0.000505878
0.0005761
0.00131151
0.00151511
0.000682495
0.000828097
0.00339119
0.00363799
0.00259582
0.00287658
0.00384666
0.00399082
0.00314647
0.00338041
0.00175861
0.00203082
0.00101377
0.00123633
0.00231553
0.00259251
0.00148746
0.00175377
0.000103937
0.000112573
0.000140073
0.000158684
0.000124658
0.00013891
0.000173239
0.000183986
0.00026026
0.000295502
0.000421353
0.000473229
0.000323904
0.000345496
0.000518924
0.000557159
0.000154747
0.000171546
0.000191319
0.000195708
0.000188423
0.000204203
0.000197649
0.000202346
0.000360189
0.000368234
0.000586415
0.00064258
0.000394658
0.000396677
0.000671717
0.000673374
0.000578588
0.000641672
0.000693023
0.000758589
0.000701181
0.000753988
0.000823788
0.000885224
0.000737951
0.000796535
0.000703243
0.000686629
0.000824768
0.000847508
0.000670628
0.000661806
0.000825508
0.000875382
0.000933414
0.000970637
0.000903554
0.00090916
0.000996719
0.00100988
0.00086974
0.000893057
0.000662906
0.00067414
0.000916597
0.000937882
0.000694065
0.000720134
0.00021948
0.000247388
0.000196518
0.000185144
0.000294441
0.000368159
0.000176096
0.000178836
0.00037595
0.000336941
0.000648334
0.000599081
0.000286643
0.000234014
0.000530151
0.000448156
0.000474981
0.000618369
0.000202865
0.000256075
0.000797383
0.00100602
0.000343212
0.000464794
0.000189025
0.000161393
0.000361369
0.000278933
0.000159199
0.000187636
0.000209774
0.000161433
0.000891318
0.000849959
0.00100764
0.000987686
0.000786513
0.0007043
0.000948626
0.000890539
0.000953542
0.000959985
0.000749093
0.000777309
0.000954002
0.000933297
0.000801124
0.000817221
0.000608563
0.000506105
0.000815274
0.000726451
0.000404594
0.000311656
0.000629145
0.000529319
0.000896888
0.000845321
0.000822978
0.000816767
0.000780673
0.000706319
0.000798136
0.000767848
0.00368935
0.00368149
0.00380123
0.00354961
0.00347039
0.0031279
0.00309151
0.00261961
0.00383007
0.00337817
0.00381262
0.00323304
0.00280972
0.00243492
0.00270823
0.00265944
0.00272504
0.0023449
0.00227408
0.00217753
0.00207531
0.00199784
0.0024304
0.00309924
0.00246135
0.00303189
0.00335116
0.00492124
0.00422632
0.00605418
0.0073908
0.0106681
0.00377052
0.00314375
0.00372277
0.00312732
0.00280283
0.00326727
0.00308167
0.00418237
0.00368529
0.00318984
0.00366938
0.00332622
0.00351344
0.00530025
0.00405073
0.00649986
0.00484085
0.00762863
0.00674849
0.0108247
0.0115565
0.016392
0.0162116
0.0225086
0.00885596
0.0141396
0.0109355
0.0172103
0.020806
0.0282749
0.0248254
0.0330264
0.00217629
0.00264616
0.00420539
0.00571743
0.00340696
0.00441852
0.007549
0.00956345
0.00844935
0.0112707
0.0145557
0.0187662
0.0143108
0.0173134
0.0229474
0.026716
0.00560225
0.00684786
0.0115852
0.0134174
0.00802512
0.00899976
0.0148649
0.0128391
0.0199983
0.0220922
0.0296988
0.0289339
0.0203335
0.0172529
0.0261262
0.0219164
0.0217721
0.0272397
0.029168
0.0355586
0.0322904
0.0364261
0.0410379
0.0439953
0.035815
0.0426395
0.0409221
0.0475894
0.0476648
0.0499537
0.0520006
0.0536287
0.0373202
0.0356091
0.0440917
0.0414557
0.0317333
0.0264228
0.0366055
0.0303292
0.0492841
0.0458538
0.0523208
0.0483133
0.0402257
0.0332138
0.0421821
0.0347373
0.0036806
0.00352076
0.00371832
0.00374893
0.00463427
0.00765435
0.00519854
0.00864233
0.00377617
0.00398043
0.00384324
0.00418308
0.00567856
0.00935924
0.00601719
0.00972806
0.0127707
0.0197167
0.0141755
0.0214087
0.0278444
0.0362503
0.0295645
0.0370689
0.0150097
0.0221269
0.0151927
0.0203383
0.0287449
0.0353216
0.025921
0.0314456
0.00390603
0.00432719
0.00395076
0.00438984
0.00617205
0.00970775
0.00612117
0.00800734
0.00396581
0.00435844
0.00394378
0.00396233
0.00506666
0.00622312
0.00420369
0.00473967
0.0131577
0.0172563
0.0105178
0.0135511
0.0217187
0.0261508
0.0169002
0.0202662
0.00784796
0.00988695
0.00560677
0.00678909
0.0122031
0.0145831
0.00820845
0.00972549
0.0437947
0.0498048
0.043834
0.0490947
0.0535619
0.0546171
0.0522257
0.0528408
0.0411816
0.0456666
0.0363475
0.0400704
0.0482359
0.0485544
0.0421517
0.0423001
0.0528627
0.0485473
0.0508584
0.0465179
0.0422321
0.0346966
0.0403438
0.0330619
0.0465531
0.042447
0.040451
0.0367858
0.0367072
0.0299887
0.0317116
0.025801
0.0300945
0.0330903
0.0232908
0.0256062
0.0347492
0.0348199
0.0268932
0.0269388
0.01676
0.018451
0.0111541
0.0122881
0.0194032
0.0194414
0.0129364
0.0129612
0.0332384
0.030149
0.0256799
0.0232244
0.0258903
0.0209465
0.0198432
0.0159315
0.0185056
0.0166719
0.0123093
0.0110308
0.0141481
0.0112454
0.0092789
0.00728844
