0.00292683
0.00339821
0.00254174
0.00299803
0.00374182
0.00383526
0.00347736
0.0037894
0.00237209
0.00264188
0.00253353
0.00244873
0.00313198
0.00358848
0.00281047
0.00331105
0.00363409
0.00316991
0.003822
0.00355147
0.00253079
0.00183158
0.00303095
0.00236319
0.00382845
0.00376397
0.00369975
0.00382102
0.00340064
0.00281564
0.00362488
0.00315245
0.00306199
0.00249008
0.00389626
0.00276789
0.00259797
0.00303784
0.00253644
0.0028294
0.00488611
0.003212
0.00582593
0.00369951
0.00261478
0.00271216
0.00277645
0.00267721
0.00349933
0.0037616
0.00328876
0.00363569
0.00371638
0.00336251
0.00370626
0.00345574
0.00311236
0.00348963
0.00299016
0.00335588
0.00363171
0.00345409
0.00352488
0.00338114
0.00118297
0.000667372
0.00166718
0.00104783
0.000326291
0.000160048
0.000575474
0.000278198
0.00212421
0.00144485
0.00250454
0.00180418
0.00087172
0.0004594
0.00116313
0.000659343
0.000137424
0.000210548
0.000146025
0.000143147
0.000329992
0.00045617
0.000223083
0.000448931
0.000220849
0.00013578
0.000328297
0.00013955
0.000220473
0.000451007
0.00022346
0.000461778
0.00277858
0.00208463
0.0029368
0.00226163
0.00140389
0.000833746
0.00156037
0.000833137
0.00298427
0.00232548
0.00293238
0.00224762
0.00153088
0.000814904
0.00147408
0.000780155
0.000335883
0.000143327
0.000335641
0.000146912
0.000231541
0.000480535
0.00024432
0.000506455
0.000327898
0.00015047
0.000313585
0.00015443
0.000261449
0.000538548
0.000282559
0.000575611
0.00650637
0.0040912
0.00677056
0.00427482
0.0029424
0.00269184
0.00304168
0.00271875
0.00655885
0.00420155
0.00592789
0.00390285
0.0030388
0.00273444
0.00294699
0.00273805
0.00292057
0.00324948
0.00288989
0.00317011
0.00340557
0.00325335
0.00327821
0.00309341
0.00288277
0.00310605
0.00288677
0.00300675
0.00312923
0.00291036
0.00296688
0.00270462
0.00503667
0.0034804
0.00410103
0.00306978
0.00282027
0.0027448
0.00272508
0.00273494
0.00332823
0.00278782
0.00285049
0.00268061
0.00268859
0.0027256
0.00269078
0.00270178
0.00284738
0.00289878
0.00279958
0.00277101
0.00278599
0.00247296
0.00257518
0.00220667
0.00272961
0.00260224
0.00260353
0.00235405
0.00231358
0.00188976
0.0019682
0.00150014
0.00280262
0.00213669
0.00264134
0.00199591
0.00139213
0.00073071
0.00128777
0.000668805
0.0024517
0.0018284
0.00223532
0.00163636
0.00116378
0.000596772
0.0010225
0.000516758
0.000294064
0.000159376
0.000270941
0.000165949
0.000307179
0.000616202
0.000334713
0.000658638
0.000245906
0.000174822
0.000220666
0.000186792
0.000364453
0.00070105
0.000395725
0.00074147
0.00199107
0.0014203
0.00171388
0.00117846
0.000865359
0.000430631
0.000692989
0.000340513
0.0013944
0.000907741
0.00102316
0.0006104
0.00050713
0.000251452
0.000319356
0.000181799
0.000197131
0.000203171
0.000178294
0.000226933
0.000428249
0.000777975
0.000463151
0.000808949
0.000171433
0.000266365
0.000200001
0.000349065
0.000506363
0.000833873
0.000584874
0.000860241
0.00120467
0.00115796
0.00113932
0.00120967
0.00101838
0.000822496
0.00118199
0.0010751
0.00096122
0.0011262
0.000710591
0.000928829
0.00120743
0.00120527
0.00109211
0.00118444
0.000612421
0.00042393
0.000920933
0.000754234
0.00027864
0.000182571
0.000603852
0.000488106
0.00113728
0.00103063
0.0012077
0.00117727
0.000913784
0.000810147
0.00111527
0.0010438
0.00044521
0.000666524
0.00022489
0.000401965
0.000869128
0.00102505
0.000596382
0.000773935
9.56326e-05
0.000194309
7.81817e-05
8.38992e-05
0.000339513
0.000496815
0.000153979
0.000259043
0.0011219
0.00116182
0.000911537
0.000999154
0.00115692
0.00112333
0.00103782
0.00103521
0.000637291
0.00074181
0.000369506
0.000461399
0.000801562
0.000815659
0.000519056
0.000534907
0.000130767
0.000115202
0.000414993
0.000385733
0.000131869
0.000183261
0.000398762
0.000451224
0.000735062
0.00069574
0.000980016
0.000933499
0.000692447
0.000718932
0.000905254
0.000887363
0.000274486
0.000404332
0.00053653
0.000639071
0.000555627
0.000690861
0.000729783
0.000760763
0.000761165
0.000795479
0.000862943
0.000805005
0.000780261
0.000724818
0.000723186
0.000599492
0.00107554
0.00102242
0.00100049
0.000939992
0.000964889
0.000895387
0.000854668
0.000762147
0.000787297
0.000720175
0.000507504
0.000458124
0.000642896
0.000550342
0.000394174
0.000319316
0.000809202
0.000706822
0.000655044
0.000532126
0.000580035
0.000422571
0.000392727
0.000242664
0.000445122
0.000330416
0.000238157
0.000157314
0.000212575
0.000107677
8.83735e-05
5.44405e-05
0.000164187
8.33128e-05
0.000320695
0.000176887
7.16219e-05
0.000108567
9.51776e-05
6.57401e-05
0.000501109
0.000328135
0.000658889
0.000492106
0.000201517
0.000122126
0.00035166
0.00024749
0.000168503
0.000227166
7.02264e-05
8.81188e-05
0.000265995
0.00027398
0.000102048
9.65027e-05
8.06858e-05
6.33681e-05
0.000179568
0.000171819
6.08954e-05
6.05155e-05
0.000171202
0.000177742
0.000759731
0.000628502
0.00078878
0.000711576
0.000503749
0.000401775
0.000624739
0.000609005
0.000751346
0.000734319
0.000667802
0.000657199
0.000720479
0.000718854
0.000658053
0.00066971
0.000388031
0.000384524
0.000605073
0.000612319
0.000390835
0.000406643
0.000629996
0.000657223
0.000728775
0.00074936
0.000691324
0.000721838
0.000779499
0.00081783
0.000759956
0.000804113
0.000251966
0.000219257
8.65306e-05
7.3924e-05
0.00017885
0.000134885
6.1516e-05
5.33334e-05
6.29737e-05
6.97644e-05
0.000191866
0.000214421
8.31849e-05
0.000106562
0.000246759
0.000290983
9.30561e-05
6.19043e-05
5.51472e-05
7.58481e-05
5.58685e-05
0.000101289
0.000130359
0.0002447
0.000144856
0.000206
0.000350548
0.000431474
0.000303507
0.000460324
0.000544576
0.000708001
0.000431715
0.000465922
0.000692962
0.000736023
0.000509321
0.000562391
0.000785114
0.000839006
0.00086271
0.000912212
0.000852462
0.000902898
0.000964161
0.0010162
0.000953114
0.00100069
0.00062655
0.000705181
0.000896869
0.000958958
0.000805451
0.000939646
0.00102781
0.00110835
0.00106592
0.00111103
0.0010432
0.00107829
0.00114934
0.00117617
0.00110344
0.00111216
0.00121137
0.00114551
0.00116114
0.00121236
0.00096634
0.000714277
0.00112803
0.000929627
0.00101854
0.00118142
0.000820472
0.00107196
0.00120597
0.00108977
0.001201
0.00117924
0.00044739
0.000225804
0.000666347
0.000401119
9.57751e-05
7.81934e-05
0.000193284
8.32605e-05
0.00086613
0.000593158
0.00101934
0.00076829
0.000336609
0.000151949
0.00049188
0.000255402
0.000609178
0.000916108
0.000420308
0.000748588
0.00113099
0.0012003
0.00102317
0.0011685
0.000275207
0.000598059
0.000179583
0.000482581
0.000905901
0.00110592
0.000802401
0.00103454
0.00111401
0.000903884
0.0011525
0.000990187
0.000630638
0.000364489
0.000734063
0.000455552
0.001147
0.00102835
0.00111354
0.001026
0.000793486
0.000513076
0.00080801
0.000529479
0.000164703
0.000322197
8.35692e-05
0.000178362
0.000503812
0.000662691
0.000330876
0.00049586
7.08977e-05
9.59591e-05
0.000106615
6.55782e-05
0.000203703
0.000354843
0.000123514
0.000249869
0.000764239
0.000793408
0.000632757
0.00071567
0.000755458
0.000670852
0.000737577
0.000659023
0.000507284
0.000627862
0.000404352
0.000610994
0.000722476
0.000658427
0.000719368
0.000668505
0.000165494
6.92396e-05
0.000223564
8.66757e-05
8.13439e-05
0.00018115
6.3556e-05
0.000172907
0.000262393
0.000100609
0.000270942
9.54987e-05
6.10351e-05
0.000171754
6.06202e-05
0.000177718
0.000389741
0.000605749
0.000385252
0.000611583
0.000727681
0.000688496
0.000746623
0.000717431
0.000390521
0.000627828
0.000405269
0.000653682
0.000775177
0.000754105
0.000812074
0.000797042
0.00012821
0.000409909
0.000112915
0.000381106
0.000727798
0.000971336
0.000689149
0.000925738
0.000129681
0.000394565
0.000181107
0.000447477
0.000686642
0.000898643
0.000714018
0.000882061
0.00106649
0.000992195
0.00101454
0.000933094
0.000780711
0.000503179
0.000715095
0.000455122
0.00095849
0.00084946
0.000890627
0.000758711
0.00063944
0.000392452
0.000548384
0.000318645
0.000272448
0.000533335
0.00040261
0.000636579
0.000757256
0.000859048
0.000792665
0.000802727
0.000554436
0.00072811
0.000690308
0.000760292
0.000778858
0.000722211
0.000724484
0.000599318
0.000806201
0.000653169
0.000705305
0.000531414
0.000444342
0.000238177
0.000330364
0.000157611
0.000579543
0.00039266
0.000422542
0.000242732
0.000212772
8.85953e-05
0.000107766
5.44581e-05
0.000249838
8.59955e-05
0.000218053
7.37824e-05
6.30028e-05
0.000191232
6.96332e-05
0.000213161
0.000178427
6.16044e-05
0.000134983
5.34424e-05
8.27901e-05
0.000244894
0.000105819
0.000288605
0.000429319
0.000688194
0.000462607
0.000730265
0.000855769
0.000844488
0.000904432
0.000894417
0.00050527
0.0007787
0.00055788
0.000832363
0.000955974
0.000944586
0.00100811
0.000992611
9.33582e-05
5.50793e-05
6.21162e-05
7.54921e-05
0.000143746
0.000347841
0.000204627
0.000428755
5.58331e-05
0.000129789
0.000101143
0.000244311
0.000302173
0.00054234
0.000459638
0.000707
0.000621956
0.000890514
0.000700997
0.000953489
0.0010585
0.00103607
0.00110486
0.00107259
0.000802306
0.00102392
0.000938352
0.00110683
0.00114507
0.00109959
0.00117454
0.00111065
0.00293735
0.00254624
0.00340902
0.0030023
0.00237229
0.00253135
0.00264106
0.00244461
0.00375183
0.0034806
0.00384354
0.00379099
0.00312961
0.00280406
0.00358421
0.00330229
0.00305918
0.0038941
0.00248442
0.00276206
0.00488522
0.00582628
0.00320685
0.0036953
0.00258922
0.0025268
0.00302617
0.00281631
0.00260528
0.00276764
0.00269882
0.00266442
0.00363998
0.00382159
0.00317319
0.00354909
0.00382227
0.00368892
0.00375618
0.00380875
0.0025317
0.00302698
0.00183071
0.00235831
0.00339187
0.00361207
0.00280672
0.00314012
0.00348532
0.00327305
0.00374619
0.0036186
0.00309625
0.00297464
0.00347222
0.00333929
0.00370075
0.00368922
0.0033479
0.0034402
0.00361466
0.00350903
0.00343898
0.00336768
0.00650749
0.00677176
0.00408776
0.00427177
0.0065595
0.00592767
0.00419849
0.0038996
0.00293442
0.00303442
0.00268004
0.00270813
0.00303216
0.00294095
0.00272511
0.00273017
0.00503563
0.00409955
0.00347709
0.00306673
0.00332688
0.00284973
0.00278545
0.00267986
0.002815
0.00272088
0.00273857
0.00273104
0.00268629
0.00269017
0.00272377
0.0027014
0.00290632
0.00287736
0.00323457
0.0031575
0.00287226
0.00287854
0.00309615
0.00299993
0.00339188
0.00326735
0.00324248
0.00308562
0.00312157
0.0029623
0.00290565
0.00270263
0.0028419
0.00279659
0.00289482
0.00276937
0.00272854
0.00260346
0.00260207
0.00235427
0.00278401
0.00257503
0.00247303
0.0022079
0.00231428
0.00196867
0.00189116
0.00150077
0.00118115
0.00166222
0.000665491
0.00104358
0.00211603
0.00249368
0.00143816
0.00179556
0.000325098
0.000572539
0.000160009
0.000276861
0.000867011
0.00115714
0.000456792
0.000655932
0.00276609
0.00292394
0.00207502
0.00225221
0.00297234
0.0029225
0.00231738
0.00224176
0.00139747
0.00155454
0.000830284
0.000830702
0.00152671
0.00147179
0.000813697
0.000780203
0.000138646
0.000146203
0.000212784
0.000144413
0.000220063
0.000326978
0.000136188
0.000139783
0.000332715
0.000224758
0.000458703
0.00045044
0.000221486
0.000223719
0.000451316
0.000460781
0.000334966
0.000335249
0.000143403
0.000146825
0.00032806
0.000314235
0.000150184
0.000153893
0.000230988
0.000242922
0.000478192
0.000502792
0.000259206
0.000279511
0.000533664
0.000569683
0.00279547
0.00263705
0.00213328
0.00199485
0.00245005
0.00223577
0.00182929
0.00163861
0.00139172
0.00128898
0.000731876
0.000670817
0.00116618
0.00102552
0.000599259
0.000519303
0.00199287
0.00171612
0.00142316
0.00118114
0.00139619
0.00102382
0.000909552
0.000610963
0.000868386
0.000695432
0.000432826
0.000342023
0.000508555
0.0003197
0.000252117
0.000181825
0.000295059
0.00027209
0.000158534
0.00016477
0.000246998
0.000221507
0.000173311
0.000185008
0.000303422
0.000330402
0.000609483
0.000651459
0.00035981
0.000391032
0.000693798
0.000734571
0.000197576
0.000178282
0.000201234
0.000225033
0.000171052
0.000199646
0.000264789
0.000348311
0.000423837
0.000459387
0.000771864
0.000804042
0.000503657
0.000583756
0.00083055
0.000858913
0.00343857
0.00452787
0.00452733
0.00639089
0.00601712
0.00768099
0.00875643
0.0113052
0.006017
0.00875678
0.00768162
0.0113061
0.0121017
0.0156457
0.0156463
0.0202219
0.00921458
0.0103134
0.0136311
0.0153336
0.0107514
0.0104373
0.0161086
0.0158173
0.0188842
0.0213173
0.0244384
0.0276993
0.0225544
0.0223954
0.0295218
0.0296323
0.00921577
0.0136325
0.0103146
0.015335
0.0188853
0.0244389
0.0213184
0.0276999
0.0107522
0.0161095
0.0104374
0.0158173
0.0225551
0.0295223
0.0223954
0.0296326
0.029625
0.033759
0.0337593
0.03874
0.0362663
0.0367904
0.0419824
0.043044
0.0362668
0.0419828
0.0367911
0.0430449
0.0459404
0.0476149
0.0476157
0.049908
0.00943432
0.00794156
0.0145142
0.0124313
0.00624267
0.00463762
0.00992316
0.00738791
0.0208703
0.0182291
0.0280185
0.0249288
0.0148863
0.0113338
0.0208195
0.0162633
0.00337511
0.00260248
0.00518407
0.00356288
0.00234373
0.00250852
0.0026301
0.00234331
0.00804412
0.0053843
0.0118413
0.00804012
0.00356031
0.00259952
0.00517742
0.00336803
0.03526
0.0318995
0.0417805
0.0383708
0.0271835
0.021745
0.0332817
0.0271798
0.0467812
0.0435547
0.0496164
0.0467804
0.0383685
0.0318932
0.041777
0.0352521
0.016259
0.0113253
0.0208112
0.0148734
0.00737647
0.00462557
0.00990695
0.00622555
0.0249175
0.0182125
0.0280048
0.0208507
0.0124108
0.00791979
0.0144902
0.00940865
0.00943372
0.0145133
0.00794063
0.0124298
0.0208696
0.0280185
0.0182279
0.0249286
0.00624209
0.00992153
0.00463818
0.0073868
0.0148848
0.0208193
0.0113326
0.0162633
0.0352609
0.0417822
0.0319008
0.0383734
0.0467832
0.0496178
0.0435582
0.0467837
0.0271852
0.0332853
0.0217472
0.0271843
0.0383735
0.0417825
0.0318996
0.0352594
0.00337753
0.00518402
0.00260723
0.00356425
0.00804339
0.0118416
0.00538421
0.00804042
0.00235088
0.00263291
0.00251773
0.00234726
0.00356075
0.00517743
0.00260011
0.00336724
0.0162613
0.0208161
0.0113274
0.0148779
0.0249246
0.0280132
0.0182194
0.0208591
0.00737764
0.00991016
0.00462511
0.0062265
0.0124162
0.0144972
0.00792254
0.00941289
0.0499082
0.047614
0.0476161
0.0459391
0.0430399
0.0367812
0.0419772
0.0362552
0.0430445
0.0419799
0.036788
0.0362604
0.0387325
0.033745
0.0337478
0.0296068
0.0296165
0.0223732
0.0295037
0.0225296
0.0157903
0.0104085
0.016079
0.0107204
0.027678
0.0212895
0.0244132
0.0188533
0.0153016
0.0102811
0.0135975
0.00918244
0.029625
0.0295108
0.022382
0.0225374
0.027683
0.0244156
0.0212955
0.018857
0.0157979
0.0160861
0.0104135
0.0107252
0.0153072
0.0136011
0.0102849
0.00918472
0.0201926
0.0156123
0.0156139
0.0120676
0.0112712
0.00765106
0.00872471
0.00599243
0.011273
0.00872518
0.00765192
0.00599232
0.00636506
0.00451224
0.00451185
0.00343602
0.000580966
0.000719621
0.000476809
0.00065408
0.000826437
0.000870228
0.000822515
0.000942563
0.000345708
0.00053587
0.000218513
0.000383551
0.000749444
0.00094205
0.000610528
0.000855518
0.000831176
0.000709187
0.000980576
0.000919818
0.000527133
0.000327265
0.000767588
0.000555808
0.00106804
0.00109335
0.00106498
0.00118926
0.00100618
0.00082213
0.00119615
0.0010803
0.000142319
0.000236096
0.000172151
0.000148391
0.000431252
0.00069092
0.000259057
0.000481442
0.000357208
0.000180187
0.00072464
0.000380364
0.00015613
0.000282914
0.000185808
0.000163824
0.000959957
0.0011777
0.00076676
0.00105052
0.00129304
0.00127771
0.00126759
0.00136802
0.00052669
0.000828289
0.00030331
0.000560307
0.00111645
0.00132452
0.000867526
0.00114992
0.000161229
7.62859e-05
0.000334332
0.000158548
0.000101773
0.000240015
7.47243e-05
0.000107422
0.000581744
0.000340988
0.000865806
0.000600736
0.000157086
7.38224e-05
0.000345175
0.000156117
0.000464651
0.000727118
0.000252764
0.000479587
0.000969456
0.00113962
0.000738103
0.000973345
0.000110546
0.000257985
7.34954e-05
0.000111243
0.000481904
0.000733202
0.000255653
0.000471042
0.00113375
0.000893216
0.00132911
0.00116055
0.000609931
0.000345762
0.000901107
0.000608063
0.00140599
0.00134485
0.00134211
0.00140295
0.00115789
0.000888735
0.00132347
0.0011264
0.000155386
7.37163e-05
0.000342574
0.000155037
0.000109302
0.000245023
7.44529e-05
0.000104236
0.000595577
0.000336384
0.000857938
0.000574565
0.000155603
7.57736e-05
0.00032886
0.000158085
0.00126551
0.000770399
0.00192805
0.00133212
0.000395449
0.000189556
0.000800409
0.000404622
0.00262203
0.00200444
0.00323536
0.0026918
0.0013742
0.000817907
0.00204882
0.00139572
0.000169832
0.00031655
0.000191781
0.000172831
0.00057731
0.000879408
0.000320233
0.00057522
0.000409403
0.000192627
0.000824893
0.000410494
0.000172134
0.000313701
0.000192115
0.000167875
0.00366014
0.0032837
0.00382234
0.00368136
0.00272665
0.00206557
0.00330179
0.00273078
0.00370657
0.00382447
0.00336815
0.00371023
0.00368581
0.00329244
0.00383065
0.00367308
0.00139858
0.000821853
0.00205589
0.00138239
0.000407721
0.00019017
0.000807689
0.000400031
0.00270368
0.00201761
0.00325185
0.00264015
0.00134441
0.000779808
0.00194544
0.00127992
0.00114705
0.00131863
0.000862534
0.00110845
0.00135962
0.00126778
0.00125715
0.00128127
0.000554458
0.000819353
0.000298162
0.000518262
0.00103915
0.00116514
0.000755783
0.000947816
0.00107009
0.000812898
0.0011844
0.00099583
0.000548542
0.000322496
0.00075967
0.000522176
0.00117705
0.00108301
0.00105342
0.00105883
0.000912543
0.000705601
0.000975128
0.000830325
0.000160957
0.00027644
0.000186548
0.000152808
0.000472139
0.000680312
0.000252447
0.000422991
0.000385539
0.000180743
0.000734437
0.000361767
0.000145036
0.000230533
0.000172045
0.000139258
0.000845579
0.000934818
0.00060281
0.000744618
0.000939769
0.000873007
0.000822674
0.000833099
0.000378172
0.000533339
0.000215055
0.000344822
0.000656888
0.000729727
0.000481403
0.000593472
0.000521526
0.000327423
0.000328147
0.000138901
0.000166606
6.37608e-05
2.97487e-05
8.55007e-06
0.00016743
2.98759e-05
6.43388e-05
8.50268e-06
1.8422e-05
0.000122623
0.000122474
0.000378984
1.56705e-05
1.93069e-06
4.93054e-05
0.000107926
3.77711e-07
2.69206e-07
0.00014279
0.000132259
0.000292306
0.00045764
0.000704936
0.00100477
0.000554569
0.000546966
0.00119022
0.00120723
1.593e-05
4.90508e-05
1.97796e-06
0.000107601
0.000291985
0.000704757
0.000457276
0.00100451
3.64253e-07
0.000142573
2.69575e-07
0.000132262
0.000554328
0.00119
0.000546961
0.00120712
0.00119527
0.00164466
0.00164452
0.00224015
0.00194053
0.00200835
0.00265731
0.00280019
0.00194032
0.00265715
0.00200807
0.00279978
0.00318969
0.00342247
0.00342211
0.00374412
8.0886e-06
4.42459e-05
8.31055e-05
2.74006e-05
0.000132605
0.000287421
9.5889e-06
6.87296e-05
0.000438463
0.000270571
0.00105183
0.000770645
0.000108267
1.81443e-05
0.000446285
0.000172417
0.000503076
0.000750845
0.000222341
0.000457502
0.000984271
0.00115163
0.000732262
0.000986866
4.63508e-05
0.000203341
2.6357e-05
4.72918e-05
0.000460035
0.000756263
0.000226315
0.000510694
0.00183189
0.00145712
0.00263637
0.00220494
0.000978814
0.000513997
0.00160565
0.000972364
0.00330465
0.00286289
0.0036968
0.0032905
0.00219414
0.00144067
0.00261221
0.00180357
0.000170194
1.75233e-05
0.000438367
0.000103319
7.2264e-05
0.000295913
1.05406e-05
0.000140348
0.000754205
0.000259083
0.00102557
0.000419547
2.40427e-05
4.98611e-05
7.47672e-05
1.0956e-05
8.02532e-06
8.33024e-05
4.38791e-05
2.76205e-05
0.000438698
0.00105184
0.000270943
0.000770718
0.000131585
9.56109e-06
0.000285386
6.8164e-05
0.000108601
0.000446344
1.82631e-05
0.000172414
0.0018315
0.00263561
0.00145659
0.00220377
0.00330375
0.00369614
0.00286132
0.00328896
0.000978145
0.00160411
0.000513262
0.000970625
0.00219192
0.00260977
0.00143803
0.00180047
0.000499764
0.000221021
0.000746188
0.000455363
4.61452e-05
2.63285e-05
0.000202822
4.73786e-05
0.000978453
0.000729428
0.00114507
0.000983646
0.000459352
0.000226757
0.000755684
0.000511787
0.000169583
0.000436761
1.73373e-05
0.000102305
0.000751596
0.00102231
0.000257095
0.000416817
7.28744e-05
1.06388e-05
0.000297695
0.000142041
2.33329e-05
7.3333e-05
5.10239e-05
1.15055e-05
0.0037285
0.00339347
0.00339249
0.00314816
0.00276267
0.0019687
0.00260925
0.00189262
0.0027606
0.00260806
0.00196574
0.00189038
0.00218679
0.00159371
0.00159256
0.00114761
0.00117201
0.000521546
0.00114911
0.000525421
0.000119719
8.32611e-07
0.000128267
1.00534e-07
0.000962596
0.000428909
0.000667313
0.000268548
9.46005e-05
2.85127e-06
4.04417e-05
1.96314e-05
0.00116866
0.00114627
0.000518558
0.000522726
0.000960695
0.000666471
0.000426934
0.000267463
0.000117916
0.000126555
9.6338e-07
1.38252e-07
9.33625e-05
3.98488e-05
3.08978e-06
2.02054e-05
0.000350971
0.000107594
0.000107253
1.38924e-05
6.417e-06
7.15101e-05
3.46361e-05
0.000177059
6.37353e-06
3.48229e-05
7.23426e-05
0.000177898
0.000148559
0.000337396
0.000337929
0.000526198
0.000587044
0.000476968
0.000719815
0.000648392
0.000341805
0.000213139
0.000526002
0.000372001
0.000820454
0.000810474
0.000858831
0.000924789
0.000732838
0.000591727
0.000919135
0.000829652
0.000138453
0.000172696
0.000225843
0.000142439
0.000364496
0.000740005
0.000181061
0.000389658
0.000413215
0.000244886
0.000664992
0.000458616
0.000148562
0.000186744
0.000266125
0.000155284
0.000816102
0.000958755
0.000692841
0.000896404
0.0010404
0.00103347
0.00106345
0.00115453
0.000512146
0.000745358
0.000316004
0.000537355
0.000976931
0.00116117
0.000796347
0.00104811
0.000927338
0.000736192
0.00114068
0.00101429
0.000501251
0.000285492
0.000795999
0.000534656
0.00125461
0.0012286
0.00124102
0.00132948
0.00108002
0.000836473
0.00128709
0.00111646
0.00128903
0.00195853
0.00078848
0.00135805
0.00265718
0.0032722
0.00203612
0.00272632
0.000405611
0.000819203
0.000190374
0.000414612
0.00139981
0.00207853
0.000835625
0.00141871
0.00369553
0.00385347
0.00331786
0.00371215
0.00373143
0.00338576
0.00384958
0.00372831
0.00275727
0.00333021
0.00209079
0.00275507
0.00370944
0.00384779
0.00331305
0.00368803
0.000161126
0.000192436
0.000299373
0.000164796
0.000418397
0.00084012
0.000193158
0.000417895
0.000553735
0.000305184
0.000852169
0.000555551
0.000165468
0.000192567
0.000301849
0.000162998
0.00141723
0.00207488
0.00083362
0.00139564
0.0027202
0.0032637
0.00202957
0.00264852
0.000413162
0.000815512
0.00019054
0.000403372
0.00135197
0.00195047
0.000783707
0.00128222
0.000155374
0.000321612
7.65512e-05
0.000152562
0.000561689
0.000838956
0.000327999
0.000580922
0.000107839
7.53991e-05
0.000250657
0.000113698
0.00015141
0.000333009
7.46517e-05
0.000151115
0.00110162
0.00129402
0.000867697
0.00113125
0.00137066
0.0013093
0.00131419
0.00137348
0.000592012
0.000878953
0.000335327
0.000593327
0.00113357
0.00129925
0.000871381
0.00110838
0.000478029
0.000262859
0.000741164
0.000491373
0.000116246
7.42553e-05
0.000266449
0.000115771
0.000982263
0.000749501
0.00114976
0.000982673
0.000490953
0.000261756
0.000740953
0.000476708
0.000151336
0.000334504
7.42557e-05
0.000152109
0.000584807
0.000846076
0.000330989
0.000567986
0.000112316
7.47164e-05
0.000248458
0.000105687
0.000153864
0.000326121
7.58201e-05
0.000157513
0.00111908
0.000840951
0.00129262
0.00108754
0.00053982
0.000290008
0.000804319
0.000508962
0.00133761
0.00123899
0.00125097
0.00126721
0.00102574
0.000747206
0.00115475
0.000941314
0.000157958
0.000186788
0.000271904
0.000151479
0.000386893
0.000734945
0.000180813
0.000361522
0.00046772
0.00025096
0.00067725
0.000422414
0.000144986
0.000171984
0.000231232
0.000140045
0.00105876
0.00117494
0.000806466
0.000990673
0.00117032
0.0010497
0.00107987
0.00105794
0.00054586
0.000757942
0.000322124
0.00052268
0.000912344
0.000976619
0.000707375
0.000833409
0.000844557
0.00060374
0.000935953
0.000747157
0.000380078
0.00021698
0.000536482
0.000347793
0.000942708
0.000826513
0.000877103
0.000837664
0.000660936
0.000485013
0.000734122
0.000597125
0.000813993
0.000784453
0.000562593
0.000485602
0.000756853
0.000724319
0.000442033
0.000406837
0.000346244
0.000267492
0.000211021
0.000186272
0.000229698
0.000206917
0.000195293
0.000215588
0.000687446
0.00064782
0.000374509
0.000343992
0.000607265
0.000567595
0.000315501
0.000289588
0.000191316
0.000180022
0.000240068
0.00026572
0.000171697
0.000165472
0.000290571
0.000312863
0.000199922
0.000271601
0.000337563
0.000524904
0.000362077
0.000453301
0.000710859
0.000883591
0.000622369
0.000917066
0.00102416
0.00139152
0.00118673
0.00142836
0.00170955
0.00198657
0.000540064
0.000620035
0.00104087
0.00118168
0.000691195
0.000751327
0.00130431
0.00140634
0.00164429
0.0018357
0.00223094
0.00244704
0.00200176
0.00214014
0.00263561
0.00279492
0.000530499
0.000497462
0.000266822
0.000247674
0.000469747
0.000448405
0.000232517
0.00022167
0.000160612
0.000156441
0.000330902
0.000343141
0.000152392
0.0001481
0.00034834
0.000345756
0.000434313
0.000428226
0.000215474
0.000214356
0.000430817
0.000442692
0.000218874
0.00032488
0.000143516
0.00013898
0.000335289
0.000225055
0.000144247
0.000210874
0.00014867
0.00013986
0.000798132
0.000829502
0.00148503
0.00153783
0.000843833
0.000840305
0.00156285
0.00140301
0.00224778
0.00232168
0.00292188
0.00297087
0.00225451
0.00207486
0.00292078
0.00276054
0.000662732
0.000460739
0.00115984
0.000867282
0.000278831
0.000161328
0.000571301
0.000323729
0.00179279
0.00143316
0.00248546
0.00210541
0.00103727
0.000659306
0.00165012
0.00116902
0.00148771
0.00187361
0.00194244
0.00228578
0.00218976
0.00245675
0.00254839
0.00276151
0.00231753
0.00256665
0.00256085
0.0026916
0.00273902
0.00287119
0.00276806
0.00282234
0.0026894
0.00289571
0.00294481
0.00310893
0.00307852
0.00323728
0.0032587
0.00338581
0.00298318
0.00308549
0.00286718
0.00286771
0.00315151
0.00323165
0.00287779
0.00290964
0.00265871
0.00269107
0.00265332
0.00266289
0.0027095
0.00272741
0.00271019
0.0028152
0.00265394
0.00277483
0.00283807
0.00333018
0.00306901
0.00348921
0.00411435
0.00505787
0.00272788
0.00272958
0.00294948
0.00304628
0.002717
0.00269104
0.00305165
0.00295266
0.00391823
0.00422071
0.00595374
0.00658674
0.00429537
0.00411112
0.00679848
0.00653276
0.00336317
0.00343402
0.00350414
0.00360933
0.00343356
0.00333862
0.00368192
0.00369028
0.00333754
0.00346971
0.00297869
0.003099
0.00361358
0.00373728
0.00327267
0.00348033
0.00312775
0.0027914
0.00359777
0.00337376
0.00234091
0.00181269
0.00300582
0.00250893
0.00379513
0.00373771
0.00367837
0.00380585
0.0035264
0.00314763
0.00379977
0.00361397
0.00267545
0.00270793
0.0027851
0.00262032
0.00282176
0.00302649
0.0025379
0.002595
0.00371714
0.003226
0.0058495
0.00490576
0.00277732
0.00249457
0.00391115
0.00307171
0.00329643
0.00357171
0.00280342
0.00312194
0.00377211
0.0038193
0.00346597
0.00373104
0.00244856
0.00263808
0.00253831
0.00237288
0.00299226
0.00339249
0.00254016
0.00292496
0.00103751
0.00108451
0.00102298
0.00104999
0.00100915
0.000841803
0.00092393
0.00070871
0.000994794
0.00100896
0.000958448
0.000964006
0.000854881
0.000612573
0.000795293
0.000539691
0.000620023
0.000389446
0.000464253
0.00024604
0.000195979
7.69515e-05
9.88652e-05
4.99606e-05
0.000360002
0.000161138
0.000288002
0.000110996
5.87973e-05
6.99112e-05
4.93742e-05
0.000110597
0.00091631
0.000916579
0.000870631
0.000868588
0.00074188
0.000482287
0.000693904
0.000436571
0.000823683
0.000822105
0.000777691
0.000779165
0.00065179
0.000400797
0.000616415
0.000374219
0.000237004
8.18893e-05
0.000200742
6.5857e-05
5.57575e-05
0.000158027
6.92948e-05
0.000204194
0.000175602
5.80043e-05
0.000159392
5.51559e-05
8.45417e-05
0.000243993
9.78814e-05
0.000273933
5.3608e-05
0.000126553
0.000104397
0.000244287
0.000275155
0.000461285
0.000432359
0.000619583
0.00018443
0.000368649
0.000271316
0.000484829
0.000572849
0.000742242
0.000692516
0.000837457
0.000636958
0.000754744
0.000755754
0.000801231
0.000779134
0.000696658
0.000737605
0.000551786
0.000829475
0.00080643
0.000877955
0.000761742
0.00063687
0.000394537
0.000527147
0.000262127
0.000354297
0.000587644
0.000427575
0.000674938
0.000793398
0.000914815
0.00087783
0.000974331
0.000487352
0.000745043
0.000530792
0.000804166
0.000954016
0.00102289
0.00100604
0.00106846
0.000891965
0.00071121
0.000900918
0.00067839
0.000437195
0.000170529
0.000381743
0.000119503
0.000921853
0.000676838
0.000962591
0.000712376
0.000366466
0.000102771
0.000393641
0.000117272
0.000734731
0.000741641
0.000696671
0.000711183
0.000588763
0.00035658
0.000569782
0.000347885
0.000665127
0.000689197
0.00064147
0.000676864
0.000560326
0.00034832
0.000561161
0.000358222
0.000150756
5.52524e-05
0.000148923
5.71131e-05
0.000106969
0.000291716
0.000110553
0.000278491
0.000153611
6.03551e-05
0.000164984
7.63141e-05
9.31108e-05
0.000234605
7.20279e-05
0.000171893
0.000626838
0.00067516
0.000622175
0.000684878
0.000572972
0.00037806
0.000596351
0.000484271
0.000628251
0.000706622
0.000645663
0.00073271
0.000690233
0.000614027
0.000774827
0.000750971
0.00023419
0.000116969
0.00034043
0.000196759
6.54461e-05
0.000109395
9.42661e-05
7.15361e-05
0.000484059
0.000325142
0.000655021
0.000501056
0.000176865
8.38435e-05
0.000322796
0.00016651
0.000551498
0.00082491
0.000529159
0.000804313
0.00103354
0.00111031
0.00103056
0.00113969
0.000466029
0.000739624
0.000370169
0.000631963
0.000988112
0.00114217
0.000898607
0.00110167
0.00102204
0.000784569
0.00109066
0.000886309
0.000464727
0.000167105
0.000578813
0.000260911
0.00115141
0.00100252
0.00118227
0.00111005
0.000728424
0.000404502
0.000895735
0.000592642
0.000257463
0.000490165
0.000151857
0.000333196
0.00076092
0.00100597
0.000584835
0.000852641
8.2686e-05
0.000189631
7.89045e-05
9.34177e-05
0.000393028
0.000653632
0.000219175
0.000436347
0.00116109
0.00118051
0.00107222
0.00118655
0.00105216
0.000804185
0.00116285
0.00100337
0.000913322
0.00111016
0.000699801
0.000950352
0.00119546
0.00114764
0.00113046
0.00119966
0.00104388
0.00103931
0.00109146
0.00106849
0.00101945
0.000990094
0.00103644
0.000998339
0.00101576
0.000941405
0.000847626
0.000723502
0.000880395
0.000826512
0.000633376
0.000564228
0.000953493
0.000911794
0.000955845
0.000910954
0.000867235
0.00082208
0.000865851
0.000822718
0.000776777
0.000730684
0.000508755
0.00046352
0.000688881
0.000652472
0.000427083
0.000398958
0.000624749
0.000475452
0.000392888
0.000253253
0.000374685
0.00030414
0.000169286
0.000118461
0.000198071
0.000102121
7.7738e-05
4.96345e-05
6.07557e-05
4.89623e-05
6.65863e-05
0.000103836
0.000253231
0.000216164
8.78765e-05
7.01319e-05
0.000189682
0.000171854
6.07062e-05
5.66471e-05
5.28206e-05
6.42655e-05
0.000148308
0.000192542
7.81978e-05
9.11484e-05
0.000231699
0.000262331
0.000778516
0.000738566
0.000783614
0.000750386
0.000704031
0.000676463
0.00072464
0.000707728
0.000622667
0.000600619
0.000379111
0.000367713
0.00058736
0.000583787
0.000365058
0.000371532
0.000657166
0.000647215
0.000700771
0.000704669
0.000647482
0.000658637
0.000720108
0.00073957
0.000590674
0.000608668
0.000387602
0.000490278
0.000697121
0.000775434
0.000615215
0.000746179
0.000161498
0.000157925
5.59842e-05
5.75048e-05
0.000160854
0.00017038
6.06928e-05
7.7339e-05
0.000100751
0.000105593
0.000281999
0.000271742
9.03385e-05
7.11848e-05
0.000231191
0.000171399
0.000238241
0.000341865
0.000117807
0.000195892
0.000481297
0.000646584
0.000320726
0.000491319
6.54679e-05
9.34588e-05
0.000110661
7.27941e-05
0.000173194
0.000314256
8.29652e-05
0.000161341
5.32367e-05
0.000101129
0.000125248
0.00023889
0.000177099
0.000260138
0.000358768
0.00047128
0.000273193
0.000425713
0.000458956
0.000612541
0.000561872
0.000678491
0.000731462
0.000824506
0.00034031
0.000412249
0.00057188
0.000658684
0.000472307
0.000517574
0.000730039
0.000791797
0.000778011
0.00086285
0.000901403
0.000962258
0.000941026
0.000996043
0.00101299
0.00106142
0.000634542
0.000749055
0.000752481
0.000795432
0.0008199
0.000867149
0.000798713
0.000754354
0.000777202
0.000733049
0.00069516
0.000549536
0.000632162
0.000522854
0.000392206
0.000260144
0.00088195
0.000892343
0.000704698
0.000673094
0.00091521
0.000958306
0.000672989
0.000710212
0.000433632
0.000379028
0.000169055
0.000118512
0.000364646
0.00039281
0.000102185
0.000117083
0.00054133
0.000522873
0.000816216
0.000799914
0.000463829
0.000371581
0.00073965
0.000635979
0.00102731
0.00102857
0.00110668
0.00113988
0.000990509
0.000905071
0.00114639
0.00110977
0.00026134
0.000156471
0.000497142
0.000341554
8.59259e-05
7.85688e-05
0.000197385
9.84232e-05
0.000770623
0.000596435
0.00101736
0.000866284
0.000404758
0.000229044
0.000668047
0.000449778
0.00102053
0.0010923
0.000784394
0.000888488
0.00115648
0.00119081
0.0010074
0.00111784
0.000465105
0.00058074
0.000167458
0.000262105
0.000732291
0.000901865
0.000406929
0.000596679
0.00117279
0.00108634
0.00119114
0.00119958
0.000928707
0.000714981
0.00112475
0.000965342
0.00106067
0.00117355
0.000810062
0.00101107
0.0012078
0.00114357
0.00115683
0.00120973
0.000819584
0.000567385
0.000798602
0.000497449
0.000349573
0.000212649
0.000274671
0.000188068
0.000778134
0.000458976
0.000751536
0.00042745
0.000238698
0.000195253
0.00021656
0.000212972
0.000199772
0.000335697
0.000268018
0.000516432
0.000618975
0.00101954
0.000904564
0.0013761
0.000353283
0.000694491
0.000439122
0.000859834
0.00116456
0.00168369
0.00139778
0.00195228
0.000719304
0.000397524
0.000682941
0.000368243
0.000200786
0.00023475
0.000188744
0.000257954
0.000644249
0.000339946
0.000605104
0.000313348
0.000179307
0.000280883
0.000171815
0.000301981
0.000521168
0.00101121
0.000597587
0.00114813
0.00160754
0.00219106
0.00179552
0.0024048
0.000666657
0.00126919
0.000726316
0.00137201
0.00196109
0.0025943
0.00210185
0.00275763
0.00148223
0.0019365
0.00185655
0.00226836
0.00231158
0.00255525
0.00255006
0.00267684
0.00216242
0.00252167
0.00242179
0.00272862
0.0027147
0.00274747
0.00284247
0.00279918
0.00265378
0.00264928
0.00267884
0.00265356
0.0026509
0.00283603
0.00276845
0.00332763
0.00269341
0.0026988
0.00271035
0.00280529
0.00306326
0.00411234
0.00348473
0.00505684
0.0026501
0.00290915
0.00285548
0.00307383
0.00295333
0.00284429
0.00305746
0.00284803
0.00304069
0.00322723
0.00320485
0.00336042
0.00312799
0.00286208
0.00321379
0.00289854
0.00271307
0.00294146
0.00271749
0.00304017
0.00391511
0.00595358
0.00421869
0.00658704
0.00270787
0.00304737
0.00268518
0.00295025
0.00429413
0.0067988
0.00411054
0.00653285
0.000567308
0.000289195
0.000532511
0.00026814
0.000165711
0.000319674
0.000160455
0.000332444
0.000502151
0.000250712
0.000477451
0.000237345
0.00015555
0.000338982
0.000150632
0.000338376
0.000774283
0.00145374
0.000808328
0.00151155
0.00221449
0.0028913
0.00229555
0.0029491
0.0008266
0.0015431
0.000827914
0.00139158
0.0022375
0.00290887
0.00206725
0.00275853
0.000459431
0.000228438
0.000448952
0.000224428
0.000145576
0.000330276
0.000140586
0.000223692
0.000446754
0.000225835
0.000453477
0.000329434
0.000146385
0.000148719
0.000211168
0.000138554
0.000656747
0.00115604
0.000459543
0.000869193
0.00179365
0.00249235
0.00144041
0.00211917
0.000279824
0.000576078
0.000161411
0.000328039
0.00104799
0.00166786
0.000670039
0.00118734
0.0033384
0.00348628
0.00341834
0.00360009
0.00332634
0.00297292
0.00346606
0.00309931
0.00342776
0.00368197
0.0033427
0.0036997
0.00361815
0.0032798
0.00375032
0.00349476
0.00267334
0.0027849
0.00271029
0.00262298
0.00371743
0.00584946
0.00322775
0.00490609
0.00282938
0.00254428
0.00304006
0.00260593
0.00278138
0.00391263
0.00250185
0.00307526
0.00314079
0.00361587
0.00281156
0.00339901
0.00381627
0.00370007
0.00376582
0.00383413
0.00236551
0.00303588
0.00183847
0.00254083
0.00355956
0.00383318
0.00318327
0.0036504
0.00331626
0.00281948
0.00359753
0.00314322
0.00245981
0.00254471
0.00265365
0.0023826
0.00380295
0.00349192
0.0038535
0.00376045
0.00301191
0.0025532
0.00341542
0.00294079
